1 1 51 27.758756183819784
1 2 486 26.812796755574166
1 3 12 23.764708805400804
1 4 184 22.873993082641636
1 5 878 21.603101689752265
1 6 665 18.759104572756815
1 7 573 18.5091942200727
1 8 944 17.002949093374614
1 9 141 16.467288985858087
1 10 746 16.176095737798132
1 11 78 16.001030021522492
1 12 14 15.538533960708705
1 13 453 14.67501419317977
1 14 879 14.516972977043045
1 15 13 14.400347934659973
2 1 12 34.86286795760945
2 2 746 20.522089608266757
2 3 51 20.187016038171407
2 4 14 17.89095330123687
2 5 1089 17.87707347865557
2 6 100 17.74567711540941
2 7 184 17.65742614422739
2 8 141 16.969192316202395
2 9 172 16.834558015236347
2 10 1169 16.75184678787579
2 11 810 15.950683070215128
2 12 1380 15.897155095033336
2 13 78 15.772217053282585
2 14 724 15.281073043973013
2 15 1170 14.388273385171406
3 1 485 27.342936023880874
3 2 5 25.855354131447328
3 3 144 24.761102615167523
3 4 399 23.619306861326663
3 5 91 20.837539950153577
3 6 90 19.944042905947086
3 7 181 18.23969314046279
3 8 579 16.93618368322555
3 9 542 15.341069092547528
3 10 6 14.786096385836528
3 11 582 14.159346903844066
3 12 349 13.119752155766129
3 13 584 12.597049525675075
3 14 1072 11.200034562667733
3 15 395 10.625266663583762
4 1 488 33.082215261032914
4 2 166 32.80169313077565
4 3 1061 27.35220050182738
4 4 1315 26.171560584759156
4 5 1189 25.83484587187171
4 6 1275 24.80798663621711
4 7 1255 24.04363360019252
4 8 167 23.02768965919835
4 9 575 21.917888485727204
4 10 1085 21.5033378043425
4 11 185 21.408119370091406
4 12 1374 21.00121062173949
4 13 259 20.995256847587136
4 14 435 20.729468543355782
4 15 1160 20.495750237843648
5 1 103 20.53101657435695
5 2 1032 17.971068434890327
5 3 401 17.751158377219685
5 4 943 16.564924504845987
5 5 552 16.318072315415503
5 6 1296 15.421575799217042
5 7 968 14.66773535209715
5 8 625 14.515191079799678
5 9 1374 12.672953034833398
5 10 488 12.036118557101606
5 11 746 12.007447726409263
5 12 163 11.860776447724644
5 13 849 11.797227779430294
5 14 368 11.589646717397883
5 15 172 11.035388619862829
6 1 491 18.459572898801728
6 2 257 12.86944964937922
6 3 148 12.254109573852956
6 4 386 11.332622962849479
6 5 385 11.162951181393327
6 6 345 10.730668574093386
6 7 406 10.605002671972594
6 8 1075 10.498151713792108
6 9 798 10.428134395238667
6 10 640 10.136109759952785
6 11 767 9.896356758391942
6 12 1364 9.776834185513753
6 13 355 9.766034377822562
6 14 1110 9.748057083203435
6 15 1196 9.701984386642728
7 1 492 47.88386976470006
7 2 122 29.22035464847083
7 3 57 25.48333923852438
7 4 973 25.147498005113583
7 5 124 24.52856305538329
7 6 434 24.065174290319433
7 7 56 23.062844900669855
7 8 373 20.918144885262905
7 9 232 20.553444142373493
7 10 541 20.369093485224386
7 11 1231 19.936803763001905
7 12 1381 19.629647262411822
7 13 1040 19.484139805583986
7 14 801 19.148947215346375
7 15 234 18.27038498159706
8 1 122 24.167098121307145
8 2 492 22.308379662838338
8 3 69 20.464902553087455
8 4 1231 19.38179263643333
8 5 248 19.05418810677446
8 6 124 18.636243629119612
8 7 443 17.85854979427335
8 8 433 17.454846773531727
8 9 234 17.160583709215167
8 10 292 16.935945917818998
8 11 441 16.67182563268857
8 12 947 16.62441317126252
8 13 1104 16.618244731377885
8 14 711 16.5835688321694
8 15 232 16.34269235246126
9 1 21 19.71581667854129
9 2 45 18.667003771197656
9 3 550 18.440109760908502
9 4 22 15.557695517771982
9 5 571 15.377512280367847
9 6 306 15.072350680045725
9 7 1215 15.036785196242507
9 8 102 14.289685659734872
9 9 549 11.9884141697424
9 10 270 11.72440708041942
9 11 221 10.95602186564432
9 12 983 10.829389483807198
9 13 398 10.607080500234638
9 14 743 10.507457621974797
9 15 1204 10.42619789141118
10 1 493 28.173886973456312
10 2 302 27.155554367906557
10 3 1143 24.643030575237688
10 4 949 23.124164211504663
10 5 1199 21.72876590038517
10 6 524 20.100113360706853
10 7 1010 20.07936950003918
10 8 1009 19.149277907154627
10 9 1286 18.986864240803893
10 10 110 18.98304844807895
10 11 691 18.747766178963055
10 12 436 18.560499179679713
10 13 405 18.176417632914646
10 14 616 17.125354143768202
10 15 583 16.809640444173343
11 1 495 35.65284711152858
11 2 556 19.97014886906794
11 3 472 18.839501056286046
11 4 72 18.154563120730025
11 5 28 17.948328335277672
11 6 654 17.69476549961522
11 7 25 17.59134132535245
11 8 1186 17.49714082107534
11 9 572 17.154503381208574
11 10 1327 17.039093957430467
11 11 1280 16.763000264377187
11 12 110 16.261189673580436
11 13 1157 16.052966148036315
11 14 305 16.021698710657482
11 15 570 15.918043979262965
12 1 624 26.992360686886276
12 2 650 24.25100670026454
12 3 506 18.241254324344805
12 4 649 17.44396671339441
12 5 966 15.9976848378675
12 6 1232 13.644292729809298
12 7 1221 12.843690227458673
12 8 704 12.74827311004736
12 9 1164 12.368191677837212
12 10 941 11.758298188253308
12 11 33 11.36105274850682
12 12 939 11.170213451564631
12 13 325 11.004787625006289
12 14 1209 10.90748876548956
12 15 1289 10.792704577173387
13 1 496 32.27407804546197
13 2 903 20.240142429112577
13 3 520 17.116924767034437
13 4 313 13.581413059559797
13 5 440 12.937101265248678
13 6 38 12.601651499259805
13 7 643 12.238538972109557
13 8 880 12.057255320683147
13 9 199 11.858362345345673
13 10 415 10.551069656274208
13 11 797 9.914127239513327
13 12 660 8.236019845634978
13 13 1268 8.023822003692944
13 14 1242 7.633443567637968
13 15 1332 7.626016620552763
14 1 64 21.27063039701619
14 2 132 15.94445687680026
14 3 170 15.933500947369193
14 4 402 15.657514651770565
14 5 798 15.382344402108366
14 6 439 15.348558465159421
14 7 1303 15.225802905038222
14 8 296 14.893165706623053
14 9 1327 14.450374426679609
14 10 65 14.191749826725513
14 11 256 14.106771206669382
14 12 1364 13.908957853004914
14 13 335 13.813634873684482
14 14 345 13.555682690493192
14 15 291 13.369962589131577
15 1 462 21.422860123310347
15 2 463 11.861114568476816
15 3 1025 11.234038848972398
15 4 1099 10.938654070591612
15 5 542 10.319826117710974
15 6 82 10.170650387492659
15 7 1340 10.100591054872899
15 8 1043 10.074489465779187
15 9 817 9.705325655427899
15 10 1065 9.547161737434855
15 11 982 8.959152784179123
15 12 1027 8.923895825426772
15 13 1024 8.71676481054862
15 14 1127 8.689869207691228
15 15 981 8.67731043772768
16 1 498 28.727638511654426
16 2 106 22.31456634041644
16 3 1255 18.871325826023337
16 4 231 16.6197771979525
16 5 259 16.565465758174504
16 6 494 16.523473305744854
16 7 1328 16.276293067754015
16 8 248 15.899746801493109
16 9 927 15.60037818607374
16 10 849 14.57110205341057
16 11 814 14.49802149850879
16 12 279 14.39506131367002
16 13 1112 14.347939918637124
16 14 93 14.229291489741424
16 15 1043 13.881646249104747
17 1 106 22.31456634041644
17 2 1108 21.105153413974342
17 3 336 20.719179900480647
17 4 1281 18.01818974187096
17 5 1036 17.95317367818946
17 6 916 17.900996727925623
17 7 700 16.726078602349933
17 8 1301 16.687531426298083
17 9 498 15.958024178351025
17 10 494 14.811621967344678
17 11 714 14.635559938876973
17 12 849 14.57110205341057
17 13 94 14.251282528946879
17 14 372 14.212350468619558
17 15 1149 14.15278454554894
18 1 197 21.800436363461536
18 2 248 20.947886243658044
18 3 498 20.80148571670189
18 4 234 18.97490158117479
18 5 56 18.720893018756016
18 6 927 18.129280059604582
18 7 801 18.0697422092852
18 8 1352 17.91794598262182
18 9 1005 17.4169812476357
18 10 69 17.03716673382428
18 11 225 16.8951288549149
18 12 360 16.835580250530985
18 13 124 16.77181918437492
18 14 1231 16.62830517056919
18 15 122 16.523542865646366
19 1 82 24.042734181393644
19 2 353 18.543057847130736
19 3 706 18.227346706797437
19 4 1279 17.982819954572665
19 5 1219 17.232176941957377
19 6 713 17.124353150662095
19 7 1052 16.502315304701717
19 8 164 16.275651884610337
19 9 554 16.19215171592943
19 10 140 15.58707165520712
19 11 453 15.221293197876147
19 12 1217 15.172930558996418
19 13 482 15.136874869537076
19 14 1000 15.083831205221337
19 15 1296 14.688640643731368
20 1 500 41.26860903858613
20 2 268 29.150771177912983
20 3 88 27.189112103654576
20 4 270 21.18615138066563
20 5 87 20.555305851926395
20 6 450 18.811287133463026
20 7 584 18.224342753907127
20 8 396 18.18483442921914
20 9 408 17.32067232989837
20 10 416 16.89585421226169
20 11 267 16.73653931234355
20 12 407 16.308605864199617
20 13 1371 15.983745843123996
20 14 44 15.368908662472782
20 15 625 15.25425484266423
21 1 502 37.26889976916313
21 2 68 21.50693678383104
21 3 686 18.729591360286413
21 4 421 17.97124385095057
21 5 961 17.487677366362217
21 6 343 17.447683712848345
21 7 1051 16.440763976789437
21 8 1007 15.556690045738389
21 9 628 15.095436818310228
21 10 1237 14.957448014237668
21 11 17 14.824489393986667
21 12 187 14.745535394171831
21 13 460 13.86632092298273
21 14 1156 13.81046192892348
21 15 342 13.692327617471076
22 1 125 24.307490875897283
22 2 560 22.058808800429613
22 3 50 20.904092064864823
22 4 81 20.08574366542941
22 5 413 19.725817011099274
22 6 565 19.06934276176855
22 7 348 18.656185702882265
22 8 307 18.327659281398113
22 9 207 18.04485729080426
22 10 861 17.32255919654991
22 11 254 17.03013671768005
22 12 165 16.771877141803895
22 13 306 16.16379424217432
22 14 16 15.843399234527592
22 15 120 15.8348701705671
23 1 892 19.36935299664396
23 2 902 13.568439279171619
23 3 899 13.398290777075747
23 4 14 13.26239548295757
23 5 718 13.138253243951857
23 6 753 12.257994937433086
23 7 1259 11.901753020766513
23 8 1092 10.937183570162876
23 9 185 10.483783231094206
23 10 530 10.040521829701246
23 11 1109 9.836733064038189
23 12 130 9.812278930214596
23 13 1272 9.600962633504487
23 14 698 9.48359404171157
23 15 589 9.406480948813808
24 1 756 31.59381721447017
24 2 46 20.89020533476581
24 3 833 16.281989473962398
24 4 47 15.390520994405826
24 5 12 14.57956641605273
24 6 837 14.342049135133571
24 7 883 14.178946952599098
24 8 1034 13.663332294467866
24 9 724 13.22864416995948
24 10 650 13.18293901136699
24 11 51 13.01671189212113
24 12 1361 12.568817027800815
24 13 612 12.203789824012821
24 14 834 11.678415237096466
24 15 1024 11.647385124438767
25 1 277 28.21589685501031
25 2 215 27.704333266270176
25 3 213 23.43526924244778
25 4 214 23.282248585882904
25 5 216 21.930765038891085
25 6 121 19.547984205208238
25 7 212 19.541664501959502
25 8 987 17.39911184277082
25 9 511 16.91299146493913
25 10 772 16.46030736707027
25 11 588 15.005260817047116
25 12 134 14.711037702238173
25 13 1288 14.553919161794003
25 14 578 14.527117470899721
25 15 1202 14.291358903774423
26 1 307 26.999988898832814
26 2 611 25.626173782388552
26 3 145 24.40675494626898
26 4 96 24.197421848461946
26 5 568 24.02052981455639
26 6 382 23.596972958646916
26 7 305 22.465524313513868
26 8 1355 21.17622269386846
26 9 1278 20.671284430422613
26 10 346 20.462290411902806
26 11 547 20.28186196421116
26 12 629 19.71936318781579
26 13 732 19.074433793544113
26 14 348 19.007377677338727
26 15 4 18.61085264188795
27 1 680 17.688978231791545
27 2 1035 17.12822204077831
27 3 428 16.008940047361982
27 4 679 15.495478845767138
27 5 1031 15.370553069969171
27 6 512 15.24733937471527
27 7 42 14.71181034361389
27 8 1176 14.67878290909805
27 9 752 14.078333052261284
27 10 1320 13.861405692511033
27 11 888 13.79862598552438
27 12 189 13.33981200899274
27 13 251 13.104575781535642
27 14 1293 13.043278773646245
27 15 674 12.866426086245603
28 1 762 13.270016536593264
28 2 1051 12.917416405533814
28 3 674 12.866426086245603
28 4 367 12.23638578187131
28 5 1131 12.057283010932203
28 6 1176 12.040348402439447
28 7 683 12.03022193704453
28 8 921 11.752666743170206
28 9 246 11.67467911571547
28 10 839 11.60287974664368
28 11 680 11.485843248024675
28 12 1012 11.349826633536315
28 13 227 11.26240714214769
28 14 1027 11.226659726429201
28 15 1362 11.215981382059466
29 1 465 37.72192873716648
29 2 612 30.275921771906663
29 3 420 29.334996938309175
29 4 514 28.576751420114583
29 5 513 27.543383880175085
29 6 146 27.146551059656282
29 7 601 25.008960472207963
29 8 900 24.98607752032112
29 9 464 24.319904983744046
29 10 250 24.183792041934158
29 11 147 24.08229471098218
29 12 1218 22.61158988030138
29 13 222 22.49135691553366
29 14 683 22.427045534717138
29 15 901 22.083837215280422
30 1 513 14.327487991748194
30 2 683 14.26533233530495
30 3 1197 12.685752338880004
30 4 601 12.35231006336247
30 5 225 12.29870465306303
30 6 902 11.478173249548888
30 7 288 10.925837289749417
30 8 633 10.761209259452809
30 9 1058 10.487778223866242
30 10 222 10.419735328392395
30 11 752 10.344275473654635
30 12 602 10.166268778981607
30 13 432 9.953500073476809
30 14 420 9.914014405338836
30 15 935 9.89933306061872
31 1 751 31.495335479115862
31 2 1209 22.273303243454045
31 3 1153 20.653378801790456
31 4 1245 18.91602549659374
31 5 1082 18.532912419328294
31 6 228 18.06372113611865
31 7 68 16.825222557424112
31 8 247 16.561517581268145
31 9 362 16.116243615931783
31 10 916 16.05095086777422
31 11 698 15.976344483822857
31 12 433 15.879489480565054
31 13 918 15.839042482882936
31 14 1040 15.481496492093235
31 15 895 15.430049363308001
32 1 752 30.12859094143394
32 2 1186 16.517546321509172
32 3 250 15.945309890272304
32 4 1259 15.812899267340537
32 5 147 15.727713316116747
32 6 247 14.945881803030622
32 7 468 14.373154753568826
32 8 802 14.089753703702655
32 9 287 13.641863928165279
32 10 921 13.114436427457363
32 11 1135 13.050301354813577
32 12 1112 12.848365299928943
32 13 674 12.731490609941496
32 14 134 12.571977680509047
32 15 901 12.539749039560187
33 1 516 60.42511955196438
33 2 141 37.05559393143787
33 3 252 36.52179533650239
33 4 431 34.17845168287361
33 5 800 30.736044232609824
33 6 1163 28.508260932758123
33 7 799 27.426214023344265
33 8 904 27.042301515240688
33 9 714 26.293813034019447
33 10 808 24.24331862566444
33 11 1153 23.745275359067058
33 12 672 23.65187130372207
33 13 602 23.256182745939835
33 14 812 23.150174085002835
33 15 795 23.079294365388165
34 1 1153 19.26181996210374
34 2 516 18.74659632735817
34 3 431 17.895523082540922
34 4 1074 17.6690765857739
34 5 280 17.33292689854865
34 6 1062 17.32267450874334
34 7 1341 16.91133769957397
34 8 1243 16.621171979779295
34 9 799 16.464327312876705
34 10 795 16.22555224506268
34 11 1350 16.132929388115144
34 12 904 14.854637445978966
34 13 252 14.680067973749107
34 14 141 14.553716488426478
34 15 188 13.642508913475856
35 1 1244 18.033900314775625
35 2 1327 15.223658837848777
35 3 1314 14.9521372863436
35 4 1208 14.564750562066514
35 5 296 14.29237593378992
35 6 1203 13.675794312467156
35 7 1389 13.139196288046751
35 8 654 13.02017764301785
35 9 488 12.85742948133111
35 10 65 12.339148663461057
35 11 1276 12.057187487774282
35 12 1189 11.902698022311565
35 13 1160 11.859854233743604
35 14 720 11.852696950920537
35 15 875 11.490883397749144
36 1 168 18.41438648182192
36 2 123 15.434510323479962
36 3 1222 14.177931004058536
36 4 518 14.025806390769677
36 5 623 13.045794015285331
36 6 959 12.30063913253911
36 7 1004 12.216042982092462
36 8 74 12.171963005060299
36 9 661 12.107649862635888
36 10 353 12.08424795323479
36 11 319 11.94702389062925
36 12 550 11.805743201842018
36 13 135 11.726261013388402
36 14 565 11.569352987826282
36 15 522 11.540141064697185
37 1 186 11.546154646409665
37 2 283 10.205434708694197
37 3 952 10.090966324200666
37 4 1311 10.065384844414258
37 5 126 9.986577403845855
37 6 1352 9.756562592304094
37 7 1229 9.582356834283786
37 8 1199 9.403823464953332
37 9 522 9.36812661829501
37 10 606 8.79020105941423
37 11 294 8.722888286040671
37 12 234 8.69885036156557
37 13 497 8.410239755170085
37 14 295 8.39265803266724
37 15 409 8.231941111882383
38 1 536 21.74130225140879
38 2 1391 15.026028241570941
38 3 294 14.705418650884438
38 4 976 14.41279261922788
38 5 89 14.030650163777874
38 6 979 13.559134537803466
38 7 1211 13.386402637101227
38 8 295 13.148247881808786
38 9 93 12.457460138623203
38 10 796 12.35523542774359
38 11 433 12.165758198789383
38 12 1279 12.104157118462247
38 13 25 11.938181573028944
38 14 710 11.909532948032322
38 15 17 11.793319432733833
39 1 1205 16.67590346781259
39 2 346 15.128965069616363
39 3 1257 15.050135960899002
39 4 272 14.600272269684428
39 5 9 14.593189783505556
39 6 536 13.182800438942422
39 7 330 12.307585164179152
39 8 992 12.102531810981995
39 9 37 11.936823618110882
39 10 1278 11.929401220355857
39 11 996 11.927417204551226
39 12 43 11.653187468739421
39 13 1211 11.384475085633863
39 14 395 11.224007043721505
39 15 7 11.14076632334626
40 1 536 24.348357617733477
40 2 1205 16.622072953495667
40 3 9 14.190913556786928
40 4 976 13.557029681852296
40 5 186 13.518760435729305
40 6 272 13.43100063016729
40 7 37 13.145492242155115
40 8 330 12.307585164179152
40 9 1257 11.93580348211098
40 10 346 11.866650242959803
40 11 1158 11.157368986275443
40 12 126 10.96241398145944
40 13 295 10.943509280742859
40 14 535 10.672768523529118
40 15 558 10.660834061706213
41 1 289 35.15702423260427
41 2 433 25.56273100653421
41 3 229 24.22382695198968
41 4 927 23.074043358116487
41 5 1277 19.952436957368256
41 6 432 19.479974784068165
41 7 520 19.329628242450845
41 8 126 16.738085037644865
41 9 464 16.173131432271134
41 10 225 15.84232940791167
41 11 1152 15.616976704053364
41 12 549 15.065483430620322
41 13 288 14.768839659196207
41 14 222 14.740023087740076
41 15 1202 14.252763266559286
42 1 521 38.866247210963394
42 2 526 29.460144545831373
42 3 440 27.421859463231847
42 4 503 20.42490443184152
42 5 1320 20.091670426958817
42 6 797 18.369823955888045
42 7 496 17.835557312817226
42 8 469 17.39511730112834
42 9 467 17.257765462236442
42 10 685 16.91900231597985
42 11 439 16.846114126799975
42 12 634 15.774475926670807
42 13 593 14.94645237590371
42 14 627 14.84228550798473
42 15 1265 14.756308575039482
43 1 469 21.976458016660015
43 2 467 21.77837979292926
43 3 404 17.363643857320096
43 4 503 17.276971008442423
43 5 194 16.811327259803697
43 6 685 16.143113714925082
43 7 201 15.357464672491199
43 8 496 14.52485913489453
43 9 1320 14.307368089306232
43 10 440 14.203891707112202
43 11 1070 14.120685598125982
43 12 903 14.004639926359086
43 13 1194 13.782965961888552
43 14 312 13.758448651257106
43 15 1248 13.218244088302985
44 1 1190 22.689157310602827
44 2 103 14.963118180799349
44 3 1199 14.321940865057229
44 4 108 13.683762276955349
44 5 943 12.584343076820005
44 6 541 11.409846009897784
44 7 357 11.368489467970644
44 8 1148 10.925316406878848
44 9 1031 9.753454596860697
44 10 1160 9.524955848151022
44 11 385 9.515648047189076
44 12 367 9.474501804447215
44 13 1226 9.406741265030096
44 14 862 9.307813927708358
44 15 1374 9.2890711381973
45 1 305 27.994495567939335
45 2 525 27.697025640164888
45 3 540 24.770190490001966
45 4 1395 19.367513170804045
45 5 625 19.215753074948122
45 6 310 17.42960347760408
45 7 1200 17.32587477098103
45 8 84 17.04887099144134
45 9 570 16.90390048260693
45 10 37 16.8415284498571
45 11 572 16.488245860914887
45 12 353 16.310549657430208
45 13 573 16.07856865902535
45 14 1253 15.896898684351452
45 15 123 15.350549271605638
46 1 353 19.097773229282787
46 2 305 18.87779843244814
46 3 525 17.23625990975213
46 4 123 16.629652268495327
46 5 84 16.364828743314792
46 6 1185 16.28490553473097
46 7 481 15.53143571723445
46 8 274 15.352338658894869
46 9 540 14.740138788580529
46 10 553 14.520260214673959
46 11 1159 14.326587979805518
46 12 623 14.199340188382063
46 13 655 14.037172196614481
46 14 1241 13.790039961352168
46 15 344 13.631837424370863
47 1 525 29.729472201415383
47 2 568 25.915214328581623
47 3 1200 24.885403042780084
47 4 305 24.139061403390134
47 5 304 23.59749468580279
47 6 327 23.123069942222774
47 7 570 22.532198757997524
47 8 310 22.092166915570626
47 9 25 20.856606611818567
47 10 307 20.844282732461267
47 11 308 20.353541842954826
47 12 309 19.842035674274847
47 13 572 18.983409239356902
47 14 2 18.246232891885562
47 15 573 17.708754697946656
48 1 526 27.843456727739827
48 2 440 25.2691187203224
48 3 439 19.85408964480456
48 4 797 19.774326051879612
48 5 683 19.481320992959706
48 6 638 17.154419889453933
48 7 222 17.09882015159279
48 8 792 15.475586728591264
48 9 924 15.305095956937693
48 10 1169 15.243700472171419
48 11 685 15.166212752866235
48 12 880 15.108980586161113
48 13 521 15.093490232012252
48 14 1228 14.79521099869755
48 15 793 14.59403335817523
49 1 321 34.01579969999192
49 2 527 33.3298389307961
49 3 322 29.52425476888523
49 4 476 29.267310102820836
49 5 320 27.649881429511865
49 6 150 27.037853635412905
49 7 1370 26.37821162910309
49 8 349 26.238284580506967
49 9 1235 25.24055951194708
49 10 585 22.807656312523243
49 11 377 22.684301504991687
49 12 1108 22.252599851571315
49 13 479 21.671231261324273
49 14 452 20.459477177722146
49 15 111 19.604906180177643
50 1 192 20.068606482824425
50 2 801 19.737565461932373
50 3 124 19.232887522508598
50 4 494 18.21200608767839
50 5 1259 17.93367299906381
50 6 273 17.82295752456796
50 7 326 17.689092375628203
50 8 25 17.519945993231683
50 9 541 16.727016273248516
50 10 802 16.332037739731703
50 11 435 16.238032242628563
50 12 1112 15.546215911259704
50 13 992 15.48785988270799
50 14 337 15.451865703882012
50 15 27 15.391485543736906
51 1 326 29.636071887658037
51 2 494 28.668497685794947
51 3 528 28.03855243341904
51 4 1213 21.649142642437067
51 5 94 18.621487652874684
51 6 1214 18.453066122949465
51 7 261 18.405589229648765
51 8 192 16.963429095674208
51 9 25 16.962001677253657
51 10 23 16.382883663830306
51 11 1391 16.02329334740987
51 12 142 15.918710026677648
51 13 1281 15.810185789544253
51 14 1259 15.539969349050114
51 15 1310 15.465893819371713
52 1 550 19.573410742022034
52 2 1214 15.473025059294633
52 3 326 14.662857970255569
52 4 1215 14.585944603375829
52 5 21 14.25212155486735
52 6 1334 13.82091312740752
52 7 306 13.728537794197397
52 8 265 13.59751258334109
52 9 528 13.501574329796135
52 10 22 13.40060755678331
52 11 1332 12.72058633621803
52 12 251 12.424293568310427
52 13 96 12.394078885219741
52 14 260 12.001883197934665
52 15 906 11.714580886506196
53 1 208 39.047269350708504
53 2 437 29.46220956522644
53 3 1221 27.98456575249431
53 4 1253 20.90700327554702
53 5 531 20.618092114322188
53 6 447 20.362530513925105
53 7 407 20.167807353245735
53 8 33 19.65106852520581
53 9 269 19.584270857980286
53 10 298 19.30475718325453
53 11 1236 19.22447932345393
53 12 267 18.863072778072453
53 13 1282 18.734852679397868
53 14 297 18.538713695457417
53 15 1273 18.205609874448207
54 1 123 28.93530834519737
54 2 979 25.46641746111796
54 3 1307 25.197635226091627
54 4 44 24.883706358216916
54 5 84 23.724652637780554
54 6 1213 23.049550776172975
54 7 354 21.15988498840388
54 8 1300 21.115717264893224
54 9 666 20.030959837479468
54 10 211 19.03298413052012
54 11 423 18.435413937056968
54 12 651 18.35025259133636
54 13 1284 18.2182624898922
54 14 553 18.12695165428016
54 15 101 17.93559627424474
55 1 251 19.412293809386583
55 2 17 19.16558399179364
55 3 1214 18.51430464905708
55 4 798 17.951246128697214
55 5 376 16.83604679183575
55 6 460 16.07593690964485
55 7 1185 16.00502602510214
55 8 377 15.078240725591234
55 9 375 15.039357308695722
55 10 1301 15.035872520615001
55 11 73 14.79539975182242
55 12 1302 13.932705867779067
55 13 265 13.786130083178865
55 14 241 13.523055203520869
55 15 1241 13.23531834530284
56 1 753 45.87060009433925
56 2 14 28.326705235164873
56 3 441 25.220339154328425
56 4 783 23.79247845084059
56 5 1339 23.589500197333756
56 6 638 22.067312212627282
56 7 899 21.608657456279218
56 8 1331 19.81445824817066
56 9 1105 18.485735813448084
56 10 1209 18.382380963434763
56 11 685 18.13722618682069
56 12 798 17.912494918623537
56 13 634 17.524239008055087
56 14 1057 17.144501961671914
56 15 704 17.109569012639334
57 1 753 20.326400424539905
57 2 1338 15.655481800823605
57 3 1339 13.927580820225218
57 4 856 13.778453936497561
57 5 1099 13.752368988848165
57 6 810 13.554017925703363
57 7 747 12.353207611425985
57 8 1181 12.275191659303271
57 9 380 12.245643738339648
57 10 894 12.237988774669653
57 11 166 12.095671578697505
57 12 1296 11.692754895558476
57 13 899 11.681402418325126
57 14 444 11.635080061888623
57 15 202 11.528693480996795
58 1 754 30.76981502561381
58 2 269 27.39520112257762
58 3 788 24.291609670441684
58 4 786 23.77806818105818
58 5 270 23.64027084477975
58 6 120 23.45158034919643
58 7 88 23.36999896582077
58 8 268 23.011956733686215
58 9 1159 22.97923953988166
58 10 934 22.012919893721346
58 11 599 21.726054314648902
58 12 787 21.645082241657565
58 13 963 21.355444186548265
58 14 852 21.253263982782933
58 15 435 21.056874838965083
59 1 842 15.027135992215184
59 2 149 14.6955648274112
59 3 1055 14.102330704845969
59 4 1123 13.793376816903802
59 5 1154 13.106498220775057
59 6 744 13.018605627470183
59 7 789 12.38694549839861
59 8 105 12.090741345848574
59 9 382 12.009705977531702
59 10 839 11.862934007911205
59 11 786 11.65445016816356
59 12 785 11.493011207880093
59 13 801 11.456803004840989
59 14 852 11.429677185968524
59 15 381 11.421422427084751
60 1 321 34.88266523052983
60 2 527 34.81127524622857
60 3 322 30.930857132405865
60 4 320 27.649881429511865
60 5 476 25.94525800100299
60 6 150 21.788252198113756
60 7 107 21.60518100459418
60 8 365 20.764903503914404
60 9 1235 20.13567876960176
60 10 366 18.956720632677886
60 11 364 18.817064403466897
60 12 478 17.906065255059296
60 13 585 17.72876376550242
60 14 72 17.435411481588233
60 15 677 17.242529142532014
61 1 564 27.622363373491332
61 2 566 25.08139170336939
61 3 539 24.113091883674024
61 4 435 23.488447761899177
61 5 1307 21.219564043085114
61 6 1213 20.30899296622604
61 7 333 18.725482543391806
61 8 565 17.251402975620813
61 9 854 16.44429808812953
61 10 1159 16.06746876707354
61 11 1104 16.01384333282909
61 12 845 15.997203113695473
61 13 467 15.284750544597571
61 14 789 15.161450901858347
61 15 140 15.158066578842368
62 1 1383 18.26845900643338
62 2 381 16.26447892759463
62 3 1268 15.987341284783257
62 4 116 15.318108724253811
62 5 785 14.070101196763307
62 6 459 14.065552458408153
62 7 977 13.555148393478369
62 8 105 13.298221588576741
62 9 789 13.295162509071993
62 10 659 13.219351584147473
62 11 967 13.056763017705187
62 12 1370 12.711675075959494
62 13 452 12.623744160851183
62 14 1182 12.487346574712227
62 15 150 12.289162219855648
63 1 843 13.261127534510344
63 2 1135 12.566639001499677
63 3 1106 11.86134668565234
63 4 287 11.743092548148098
63 5 629 11.677333821968825
63 6 889 11.43865662274349
63 7 158 11.228843685009448
63 8 204 10.811542996572225
63 9 1192 10.285438260354793
63 10 420 9.90763793699261
63 11 839 9.834648010565443
63 12 891 9.743155627799029
63 13 738 9.559184276369885
63 14 25 9.539794380161132
63 15 1336 9.474364994508408
64 1 390 28.101681792021687
64 2 914 27.89280182648158
64 3 719 23.56575510046592
64 4 52 22.05697486502641
64 5 627 21.18531866119215
64 6 894 18.917545964655716
64 7 730 18.695157159745655
64 8 486 18.124117141945455
64 9 277 17.82856983657617
64 10 441 17.40605326065554
64 11 138 16.82710452237203
64 12 1107 16.05736377969294
64 13 1053 15.877182561380126
64 14 489 15.614844215394946
64 15 236 15.231941039475709
65 1 388 28.85092765178958
65 2 3 22.11580709969464
65 3 1355 20.553324275928784
65 4 569 20.069828557081358
65 5 664 17.953537827807022
65 6 393 17.779315169819096
65 7 1106 17.635021656924973
65 8 1237 17.227074156062795
65 9 180 17.084228958013522
65 10 1311 16.93068128174189
65 11 406 16.90394556673672
65 12 4 16.309425409872798
65 13 165 15.561441678137697
65 14 2 15.322851543817192
65 15 1200 15.312331877959593
66 1 128 36.01401158954501
66 2 1206 22.595436692925205
66 3 191 22.178853407927498
66 4 1251 21.465301193786438
66 5 366 20.7035337843946
66 6 329 20.257168472757627
66 7 629 20.091651599851016
66 8 305 18.98176558481449
66 9 664 17.163763336329552
66 10 1182 16.788123483006032
66 11 458 16.67139865722103
66 12 73 16.612820010347306
66 13 1370 16.394285830965643
66 14 1039 15.892015465309639
66 15 1261 14.848175176243702
67 1 393 17.779315169819096
67 2 664 17.182576474629172
67 3 180 17.084228958013522
67 4 4 16.309425409872798
67 5 3 16.146240037412905
67 6 388 15.624624813630957
67 7 306 15.594827876359448
67 8 116 15.546137201495748
67 9 412 15.523602098893287
67 10 155 15.474115975638046
67 11 72 15.449723617049067
67 12 1107 15.41279164048803
67 13 2 15.322851543817192
67 14 826 15.180975637950256
67 15 9 15.039228191432612
68 1 628 41.94117068962784
68 2 344 23.960416436290288
68 3 560 19.709460554804647
68 4 773 19.709327914916567
68 5 364 18.759377649310487
68 6 662 18.407018581491894
68 7 338 18.277683323751884
68 8 1100 17.617899224752193
68 9 1205 17.271281753394963
68 10 343 17.12561738936352
68 11 689 16.92045780679375
68 12 480 16.517914304754264
68 13 1240 16.460990466768497
68 14 272 15.230713955183173
68 15 535 15.19255514874354
69 1 128 17.57641897503105
69 2 306 14.84609873887488
69 3 540 14.629412974214697
69 4 111 13.731820670534773
69 5 131 13.676546719628249
69 6 292 13.655124052774763
69 7 381 13.462499161312905
69 8 1375 13.052497188561512
69 9 264 12.983231055561209
69 10 1043 12.375979335232357
69 11 458 12.194992961412545
69 12 105 11.93927621113309
69 13 664 11.918627424907141
69 14 1297 11.897971643918723
69 15 1383 11.85537573188416
70 1 540 15.809735352566342
70 2 180 12.405865737924119
70 3 300 12.196683539722098
70 4 349 11.385239947750566
70 5 104 11.190107259054372
70 6 62 11.18220879446052
70 7 733 11.142601206028974
70 8 365 10.949950138475176
70 9 1149 10.725632154567256
70 10 435 10.53803254062793
70 11 1235 10.505946988454514
70 12 320 10.399236075988847
70 13 305 10.37471091423606
70 14 325 10.199148548057185
70 15 937 10.126609031402085
71 1 540 16.732207340842248
71 2 573 15.125649551841793
71 3 305 15.019519625988789
71 4 63 14.513640564950416
71 5 525 14.3463753790565
71 6 26 14.239006349161357
71 7 1253 14.12647346959378
71 8 1299 13.939544741742269
71 9 570 13.938135714400495
71 10 572 13.749285704803997
71 11 310 13.358189184563432
71 12 1395 12.846470334377221
71 13 323 12.569572450118379
71 14 308 12.55826219509746
71 15 1200 12.410431485091832
72 1 1395 19.231030750573662
72 2 630 19.187431022935872
72 3 63 16.750213035362563
72 4 315 16.678787695502237
72 5 1313 16.476622984270552
72 6 416 16.328450068015275
72 7 187 15.28486927213725
72 8 573 14.484095065792285
72 9 1195 14.258873339860955
72 10 25 13.863585202611441
72 11 540 13.514210734937194
72 12 1214 13.502551510377412
72 13 1215 13.371055969559386
72 14 663 13.278045764935516
72 15 139 13.180051502729475
73 1 332 39.88818378760344
73 2 541 36.33271404227833
73 3 401 31.84789564801545
73 4 573 29.04804814572339
73 5 625 28.95953314444768
73 6 1296 26.710778191318568
73 7 574 23.49226263275757
73 8 488 22.528500363235885
73 9 552 22.28733069209869
73 10 577 21.248419376157948
73 11 572 21.19973859592203
73 12 101 20.97992693249499
73 13 160 20.56030502583895
73 14 1010 20.329875245084043
73 15 359 20.078655076913716
74 1 625 28.16807635472622
74 2 1295 25.547049506970488
74 3 185 23.746945053577647
74 4 1153 23.70754704073407
74 5 68 23.060080643443612
74 6 876 22.136728904894973
74 7 576 21.558640516934986
74 8 372 20.55947500145142
74 9 656 19.930787474563765
74 10 1143 19.777179042007266
74 11 1349 19.624951816247833
74 12 26 19.49908485183927
74 13 431 19.113528208835966
74 14 1161 19.109597492150552
74 15 574 18.982529574786334
75 1 54 22.97230817961669
75 2 82 22.839348623122284
75 3 645 22.546378574689108
75 4 55 22.378916791314214
75 5 565 22.341547847665126
75 6 630 22.213182954140365
75 7 50 21.65621507868755
75 8 1395 21.010268265319933
75 9 1393 20.896445692528935
75 10 396 20.47415874469193
75 11 584 19.576745718360506
75 12 73 19.505656434943315
75 13 306 18.555075806695527
75 14 324 18.54306821408028
75 15 81 18.218922793342173
76 1 630 26.03887450135336
76 2 667 21.760666141244872
76 3 328 20.724657937320785
76 4 1394 19.59793042661535
76 5 1007 19.106771565216825
76 6 474 18.9526589766153
76 7 43 18.724219273038216
76 8 565 18.333066331974575
76 9 307 18.045728829601778
76 10 1198 17.94751749897423
76 11 50 17.4034737179686
76 12 55 17.263913551183098
76 13 115 17.209057004112395
76 14 666 17.120190949261147
76 15 389 17.06965909682736
77 1 329 31.758132852192738
77 2 1395 29.78474285926299
77 3 630 28.912398795282648
77 4 1264 25.779849007226346
77 5 667 22.763091238086645
77 6 170 20.240701481166415
77 7 537 20.203694625336876
77 8 1215 17.90227447909615
77 9 187 17.507949734684743
77 10 347 17.45421365866231
77 11 1391 17.065907023536038
77 12 572 17.053506578136474
77 13 315 16.837397660289465
77 14 272 15.696803930744334
77 15 668 15.61663190335035
78 1 589 35.17541679074563
78 2 543 33.562893965798466
78 3 588 29.45645133380237
78 4 237 27.620641469687563
78 5 578 26.034229520303654
78 6 590 23.676084388515605
78 7 216 22.27750769365038
78 8 592 20.83918938850812
78 9 426 19.79214087751317
78 10 576 19.04432235486767
78 11 138 19.032596110465064
78 12 591 16.949935200727417
78 13 935 15.530637636633905
78 14 1126 14.00633038299113
78 15 214 13.503035228319673
79 1 544 17.884905506459965
79 2 199 17.491125556215756
79 3 1066 16.676536850977776
79 4 567 16.35067519312871
79 5 755 15.61810103290705
79 6 413 14.730972058328048
79 7 748 14.653913251983898
79 8 307 14.612437256667596
79 9 202 14.576462125860665
79 10 56 14.493967029362897
79 11 781 14.48102694988293
79 12 196 14.331942583558028
79 13 1310 14.313079677916006
79 14 52 14.061617780390002
79 15 688 13.74053540076727
80 1 544 31.293819313153875
80 2 546 21.606729987446506
80 3 602 18.58948307427931
80 4 441 17.09437588278842
80 5 1335 17.005981177772338
80 6 1020 15.961647429469345
80 7 878 15.39484477678792
80 8 251 15.283782107320706
80 9 813 15.219326263226296
80 10 1019 15.119677096912163
80 11 790 14.120367582672205
80 12 604 14.111117036486368
80 13 1336 13.985441098839805
80 14 536 13.888165426434758
80 15 622 13.842317352959661
81 1 799 22.442082895620587
81 2 631 21.371526377723924
81 3 203 21.241990749354997
81 4 672 20.35047147418158
81 5 714 20.153142643334917
81 6 140 19.855113516338594
81 7 755 17.651428639758088
81 8 544 17.206090466398898
81 9 256 16.23494653910763
81 10 535 15.481616242688457
81 11 904 14.313063146241763
81 12 652 14.290427716216922
81 13 752 14.035057655852246
81 14 1074 14.033624250415672
81 15 1287 13.97655150496705
82 1 678 26.13653723877934
82 2 1334 25.08816184685149
82 3 1339 24.388702651478606
82 4 247 23.332663521016052
82 5 676 23.121068508825864
82 6 465 19.755346518925478
82 7 781 19.715681903124995
82 8 677 19.385848609978222
82 9 1343 18.902073091311
82 10 638 18.895608298983696
82 11 704 18.840255135579646
82 12 1289 18.58223763659008
82 13 1332 18.520189756179764
82 14 783 18.50141011534669
82 15 712 17.79617418715409
83 1 753 17.97424774822768
83 2 1275 16.409365580898257
83 3 898 15.134688728238281
83 4 1196 14.416251630283652
83 5 680 13.995329634716077
83 6 428 11.320018088124876
83 7 224 10.620228813915455
83 8 282 10.175561291122673
83 9 512 9.413165718770871
83 10 1141 9.141488070251453
83 11 688 8.949104399550746
83 12 1230 8.845024184943632
83 13 233 8.796772069487426
83 14 1070 8.767785656289874
83 15 380 8.55148201911341
84 1 294 31.894239941125054
84 2 522 28.11385825531958
84 3 873 23.667084215464918
84 4 17 20.199280528758884
84 5 36 20.07857386846199
84 6 555 20.008345347789827
84 7 554 19.925548489260432
84 8 546 19.903867720591474
84 9 1104 19.800078043413976
84 10 142 19.567203613166484
84 11 378 19.150373992839878
84 12 101 17.877009931965716
84 13 1281 17.86409840671351
84 14 21 17.574241689634384
84 15 872 17.35772989766639
85 1 710 23.764561991563536
85 2 315 22.05546893659444
85 3 80 21.123587244179078
85 4 184 20.590472380899293
85 5 84 19.36503886302842
85 6 314 19.282238561095518
85 7 1287 18.99893097263707
85 8 1155 18.854045163405633
85 9 272 18.468588132123294
85 10 9 18.259177399980402
85 11 294 18.104977815229034
85 12 7 17.55510134451321
85 13 40 17.13424587482408
85 14 207 17.0948178981999
85 15 1350 16.996654426555505
86 1 755 54.09120847572915
86 2 594 33.65118923689973
86 3 790 32.21109053317642
86 4 431 29.368320280504328
86 5 188 28.026433992606314
86 6 179 27.36406591394734
86 7 1290 24.819745958289793
86 8 1155 23.00835527788538
86 9 280 22.333685536475276
86 10 141 21.566339584381737
86 11 808 20.904185810716942
86 12 719 20.697261826645544
86 13 1066 20.685123624056658
86 14 78 20.447831787207747
86 15 544 20.39366766599288
87 1 1228 24.5017933018152
87 2 797 21.542915743636687
87 3 547 20.84695626742407
87 4 134 20.018312477198087
87 5 1309 19.301937918560693
87 6 327 19.193154470522785
87 7 572 19.078181042976418
87 8 191 18.650380618475186
87 9 1198 17.72334595415084
87 10 2 17.71756103615852
87 11 310 17.6835329201798
87 12 334 17.429887786615044
87 13 1248 16.884057298695666
87 14 788 16.808525739085688
87 15 625 16.70194846372539
88 1 548 59.445279603663536
88 2 613 48.1457703745298
88 3 617 47.75128538667323
88 4 622 45.00358671817395
88 5 616 42.90547290187253
88 6 615 41.61991617031665
88 7 614 40.915014905584265
88 8 618 33.72616750372432
88 9 621 28.982225744956644
88 10 162 26.28352530971045
88 11 1150 24.139590992675267
88 12 619 24.006505779456795
88 13 958 22.55291429379429
88 14 163 21.500637080800416
88 15 620 18.284471326649612
89 1 1338 26.379911456324546
89 2 757 22.532117223816215
89 3 1290 21.09234872360931
89 4 879 20.485500528424307
89 5 200 18.78398098515146
89 6 793 18.754648414738604
89 7 801 18.72687294333415
89 8 699 18.292265210446544
89 9 924 18.098399946340585
89 10 52 18.082616267030026
89 11 205 17.918548259851917
89 12 464 17.805528721457577
89 13 917 17.574693882377876
89 14 797 17.119931807926577
89 15 902 17.1084637815408
90 1 265 22.240993751684346
90 2 1187 18.054046932042745
90 3 1257 14.714365149244637
90 4 569 14.66446600546467
90 5 311 14.490787476566345
90 6 1228 14.200247087621118
90 7 1106 14.077128896426714
90 8 798 13.647338051968081
90 9 304 13.207293966438424
90 10 358 13.169560784609041
90 11 1216 13.117116243561878
90 12 504 12.977674473057576
90 13 334 12.847989340407347
90 14 655 12.738526450815394
90 15 71 12.688489702695067
91 1 252 16.99901982918233
91 2 924 15.7407930460407
91 3 795 14.929589299977268
91 4 431 14.644776550337271
91 5 799 14.267639521830045
91 6 1153 13.447451506535117
91 7 1154 12.194195579072291
91 8 800 12.1348671232122
91 9 516 12.075745070418856
91 10 316 10.952858485808981
91 11 919 10.809551490984045
91 12 672 10.730132111726318
91 13 520 10.697911913490973
91 14 315 10.426063520376442
91 15 526 10.314797271828755
92 1 806 33.30318619553816
92 2 758 33.274460000737484
92 3 810 32.00591836156292
92 4 807 27.592911572954737
92 5 809 25.18493716365293
92 6 1247 24.479483160480175
92 7 804 23.713404612573992
92 8 1331 23.524420831560708
92 9 683 20.857730446578003
92 10 811 20.173476471634853
92 11 1252 19.54083248760933
92 12 808 19.43707117709811
92 13 870 18.06668947615924
92 14 783 17.39890291581662
92 15 805 17.273611864795797
93 1 635 53.993658326107216
93 2 691 36.808513871086056
93 3 68 19.9421216111958
93 4 1336 19.612459517960538
93 5 1241 18.463060208635923
93 6 421 16.66997468999701
93 7 1315 15.999249726902537
93 8 1143 15.961668202787141
93 9 461 15.176273028680932
93 10 232 15.01759340577379
93 11 1072 14.75705504663337
93 12 93 14.746678015655252
93 13 1335 14.62658831178038
93 14 1374 14.566377291965809
93 15 1157 14.518861741726713
94 1 283 29.16585657338627
94 2 1393 28.519032784618794
94 3 1104 25.523747501846493
94 4 1394 24.5125383703962
94 5 983 24.475747312068517
94 6 101 23.63847177796577
94 7 559 23.597076730575395
94 8 1161 23.59624201300375
94 9 84 23.042994860370214
94 10 438 21.207366936134044
94 11 142 21.2027037149115
94 12 366 20.756870570596572
94 13 1213 20.529815048483115
94 14 572 20.02933122389588
94 15 294 19.91897811376164
95 1 662 19.620146233754827
95 2 635 19.298819057613677
95 3 1002 16.130839053044745
95 4 689 15.00037370805989
95 5 1104 14.937229887919628
95 6 628 14.824121926102212
95 7 690 14.656652518143567
95 8 1191 13.951043166245277
95 9 101 13.842144554753684
95 10 1395 13.248610970328698
95 11 1204 12.903345534644533
95 12 1106 12.294407296282174
95 13 564 12.187325468675184
95 14 553 12.089278573525071
95 15 123 11.801607542774725
96 1 637 25.245422204153876
96 2 698 24.09821622285198
96 3 699 22.713716722659928
96 4 1339 18.60225347321504
96 5 680 18.160478375875456
96 6 779 17.777066331800253
96 7 705 17.618626235108472
96 8 803 16.533268568727557
96 9 1289 16.499665981301366
96 10 465 15.814245190193969
96 11 247 15.722126824692724
96 12 288 15.682940385673529
96 13 700 15.614522845217445
96 14 712 15.572077768108674
96 15 704 15.220968498112002
97 1 1331 35.16979987367014
97 2 1289 22.11432900644211
97 3 779 21.022671765770518
97 4 1270 18.810143887672616
97 5 882 18.55123709135758
97 6 783 16.752027216859954
97 7 701 14.875063119160657
97 8 790 14.73540207397548
97 9 781 14.542813942239476
97 10 187 13.654373502562956
97 11 1214 13.387599631985527
97 12 702 12.959091629654184
97 13 953 12.693798813248229
97 14 810 12.547901150288173
97 15 251 12.424293568310427
98 1 638 46.61650504112952
98 2 673 29.761073195186004
98 3 1343 27.96887409631473
98 4 792 25.29096447436759
98 5 704 23.180276539429162
98 6 433 23.032177740259016
98 7 288 21.379041162806995
98 8 1163 21.153512713887423
98 9 1393 19.98951465446898
98 10 685 19.612860452602106
98 11 1356 19.549480066149194
98 12 757 19.539477170981606
98 13 222 19.53633397285509
98 14 85 19.464504862714126
98 15 675 18.948450350266572
99 1 639 46.88839050608567
99 2 715 31.036625199366817
99 3 719 27.708711699985102
99 4 716 25.794259330105106
99 5 717 25.19598021293648
99 6 164 21.758165727886706
99 7 67 19.924288169385328
99 8 1348 19.353186199517108
99 9 944 19.051148754182478
99 10 163 18.67648604493126
99 11 982 17.414187313470595
99 12 1379 17.026928055565918
99 13 983 16.66890654058395
99 14 1000 16.537806464613073
99 15 499 15.684902431765101
100 1 760 38.08412012673032
100 2 1122 37.84861695602257
100 3 822 35.93781740206706
100 4 739 31.843002551948214
100 5 1126 31.20570171495622
100 6 1172 31.169566046637915
100 7 740 30.99404610435838
100 8 1051 30.07656941142286
100 9 897 30.052715517549515
100 10 885 29.43286121405311
100 11 743 28.2825840594318
100 12 928 27.50778438323868
100 13 1068 27.321906132247666
100 14 1171 26.659300240404455
100 15 1013 25.76020376723258
101 1 819 41.443459949528
101 2 817 38.77729753649254
101 3 760 35.91375660771053
101 4 818 33.27754339273058
101 5 823 31.75111319552593
101 6 820 30.845404785564142
101 7 1119 30.796750246281842
101 8 825 29.210600861365222
101 9 837 27.77620292741375
101 10 767 25.2634530154914
101 11 826 23.50884589121454
101 12 1121 22.777983260309036
101 13 1025 22.646022683873827
101 14 1122 20.974610483338815
101 15 824 18.923693248321342
102 1 910 15.479024288534497
102 2 729 14.111084885301059
102 3 1339 14.079920532032503
102 4 1289 12.848360719989437
102 5 1290 12.522267739436487
102 6 1007 12.222392579196542
102 7 728 11.674345818136983
102 8 720 11.590561750350522
102 9 1024 11.400274527192444
102 10 1092 11.287201101312117
102 11 1260 10.950684225657483
102 12 654 10.671481607303322
102 13 724 10.599089817569093
102 14 713 10.57389750980104
102 15 1001 10.460125677511257
103 1 761 24.157263516045973
103 2 1214 19.886931300365713
103 3 1050 15.26003568276731
103 4 1127 15.230520692545802
103 5 1048 15.015224882702126
103 6 956 14.461143631214142
103 7 1126 13.369413281280693
103 8 951 12.966235696194762
103 9 251 12.424293568310427
103 10 906 11.878744572599047
103 11 720 11.25358138644813
103 12 1119 11.240701493479499
103 13 1211 11.143282897588245
103 14 1049 11.096122453462266
103 15 265 11.030865355486783
104 1 762 28.551540976877583
104 2 837 22.280096041997915
104 3 462 20.750032658477828
104 4 1024 20.032454222593163
104 5 644 19.768270400926347
104 6 824 18.828857203174998
104 7 840 17.8947729695902
104 8 744 17.614005969181743
104 9 739 17.253716784994758
104 10 825 17.00197463853255
104 11 1055 16.391436891432217
104 12 760 16.32112974166154
104 13 1177 15.913755499775805
104 14 957 15.73291874486682
104 15 863 15.710904239061154
105 1 764 44.71348277603247
105 2 848 42.076038706225404
105 3 847 25.06775742296573
105 4 846 22.812024764264077
105 5 953 18.550695334229207
105 6 739 18.485271078004367
105 7 1067 17.803097555760147
105 8 1126 17.576567876442496
105 9 763 17.548332196852954
105 10 743 17.545779931113863
105 11 1037 16.437827608879182
105 12 839 14.485622312729545
105 13 844 14.230989479919305
105 14 1034 13.926410521399443
105 15 1051 13.72879912611948
106 1 847 14.746013937613409
106 2 764 14.021840102561894
106 3 1036 13.008834424955104
106 4 844 12.361945555176952
106 5 848 11.995784565873752
106 6 953 11.91233651511342
106 7 846 11.630364814817383
106 8 42 11.298192175840796
106 9 1042 10.99817882207611
106 10 739 10.941404239720347
106 11 1038 10.865200077293792
106 12 1043 10.281795281053384
106 13 1037 10.029348875483029
106 14 1126 9.793877883118238
106 15 552 9.546902935522182
107 1 640 45.8855401476297
107 2 725 30.688351071836987
107 3 883 30.072216811115627
107 4 220 25.417468002646622
107 5 724 24.987672506018207
107 6 870 24.579900063718007
107 7 909 24.343452337207115
107 8 12 24.318424069520102
107 9 720 24.266355223656152
107 10 29 23.1061766342363
107 11 729 22.025715546565355
107 12 658 21.523494882127995
107 13 836 21.498779367147534
107 14 911 20.66007772763505
107 15 1051 19.93298761371135
108 1 75 30.87409403458442
108 2 724 28.116697255160563
108 3 720 23.27476355851158
108 4 884 22.50702326913984
108 5 727 21.31862953533201
108 6 883 21.112533708870053
108 7 640 20.83896131486125
108 8 726 20.080950459971547
108 9 881 15.508948166075008
108 10 721 14.974483185403578
108 11 909 14.955854463702572
108 12 768 14.583120179700781
108 13 723 14.271232413055106
108 14 100 12.800721705387938
108 15 837 12.714747469303251
109 1 391 16.499450166209076
109 2 627 15.17608902425142
109 3 859 15.011301761169397
109 4 1008 14.314034798037664
109 5 711 13.913921437887685
109 6 31 13.199671278583848
109 7 51 12.917718678952989
109 8 658 12.909241436083247
109 9 390 11.899069912653871
109 10 5 11.705081802704234
109 11 729 11.494670239473608
109 12 726 10.906927294827394
109 13 66 10.610827320273321
109 14 894 10.597809513960215
109 15 886 10.481370721417445
110 1 15 22.786120608389908
110 2 862 20.33046519882656
110 3 1387 20.120994685964703
110 4 1117 20.100793600252373
110 5 1398 20.015462431467817
110 6 856 18.85259012424582
110 7 412 18.402235717012733
110 8 1035 17.738809884167193
110 9 1173 17.491521930795972
110 10 926 17.46489756357355
110 11 1020 17.198098705444508
110 12 889 16.707109640978484
110 13 857 16.683675169943918
110 14 1131 16.57806403557616
110 15 1177 16.4587193311162
111 1 894 32.777882107485006
111 2 627 23.228703222860982
111 3 390 22.213874015420686
111 4 857 21.409283705373426
111 5 856 21.265587203457805
111 6 1131 21.051775130921087
111 7 392 20.492423581440043
111 8 1008 20.074702498470813
111 9 686 19.312551080264782
111 10 1392 18.373127944336762
111 11 1400 17.799624811470068
111 12 766 17.590635174744918
111 13 874 17.283259154831786
111 14 858 17.146249691087704
111 15 859 17.113862459741913
112 1 641 51.335030426665966
112 2 730 33.750498356430796
112 3 734 28.479664108807192
112 4 422 24.37165762466773
112 5 735 23.412187402696098
112 6 736 22.818221674716185
112 7 733 22.466865802632164
112 8 647 21.49659541428264
112 9 936 20.514084468034884
112 10 648 20.00274573607065
112 11 1175 19.78044914714299
112 12 831 19.068973015803948
112 13 15 18.47859241526288
112 14 955 18.44842786958771
112 15 840 18.079051945064414
113 1 704 20.606941351630336
113 2 815 18.81559766566313
113 3 638 17.51579569714894
113 4 748 17.043669791235843
113 5 265 16.769082660039565
113 6 790 15.788763862343538
113 7 467 15.701922330217968
113 8 52 15.67378068379736
113 9 360 15.627601319996094
113 10 709 15.467078926509515
113 11 780 15.375127521632894
113 12 708 15.33911854381775
113 13 1162 15.282899327529293
113 14 1272 14.972615924161225
113 15 801 14.961331169723728
114 1 895 33.555280731181924
114 2 919 28.45623070120177
114 3 918 26.59088969449021
114 4 712 24.65955328113714
114 5 704 22.203905189756185
114 6 780 21.48739708086928
114 7 917 21.441024687647836
114 8 1333 20.771531235000396
114 9 699 20.64766076378576
114 10 685 20.421075523992013
114 11 1290 19.367416297154683
114 12 757 18.875060752466258
114 13 441 18.855604716387063
114 14 1266 18.839386552695114
114 15 924 18.657901621121407
115 1 184 16.37117873973459
115 2 486 15.999387809055538
115 3 746 15.429081961866698
115 4 422 13.961363783210954
115 5 540 13.18012352282473
115 6 12 12.70620479520441
115 7 586 12.409725556750981
115 8 14 12.361830907834173
115 9 1361 12.315005334524168
115 10 371 12.023886188359953
115 11 284 11.65553745315108
115 12 875 11.55159675376268
115 13 81 11.330437292160056
115 14 733 11.223912540747968
115 15 51 11.222667929212765
116 1 1106 23.569310192594635
116 2 522 22.58013746926138
116 3 272 20.527446410842803
116 4 1038 18.955286135254152
116 5 759 15.902570700346775
116 6 605 15.624274739104273
116 7 186 15.3933269729312
116 8 1218 14.488337594205454
116 9 384 14.148928320472077
116 10 1351 14.018742787770012
116 11 1307 12.63333678657235
116 12 48 12.464025113456241
116 13 1074 12.402695729717227
116 14 1062 12.293567819829558
116 15 1135 12.258408744802898
117 1 282 25.100974843588734
117 2 229 24.445536916797344
117 3 230 23.623842546926745
117 4 907 21.36841457393652
117 5 60 20.66386284967081
117 6 1304 20.19064588148312
117 7 1164 20.108242981161673
117 8 924 19.158631085902297
117 9 782 19.054980952635667
117 10 1162 18.969451779574328
117 11 242 18.267706099960183
117 12 122 18.05558956523025
117 13 673 18.0126520345639
117 14 196 17.5299979938887
117 15 999 17.325343929001903
118 1 229 22.554419210510396
118 2 520 21.96287049135707
118 3 923 20.96254619504667
118 4 924 19.840825657993896
118 5 1075 19.692692343796654
118 6 1074 19.364495963980907
118 7 1062 19.2810540714404
118 8 803 19.185817242802877
118 9 230 17.357128384852913
118 10 246 16.69474748953748
118 11 1239 16.473718177885996
118 12 1243 15.610753195068638
118 13 688 15.553454960802947
118 14 431 15.314416935939626
118 15 204 14.232785507177304
119 1 926 28.74894854138088
119 2 897 27.54688824783478
119 3 744 26.321968558677717
119 4 928 26.0598205554175
119 5 1055 23.919550445138984
119 6 1024 22.969693043583813
119 7 1362 22.679577620686594
119 8 1056 22.295873606503825
119 9 533 22.095576250279805
119 10 765 21.95494187209707
119 11 1033 21.4526766197872
119 12 1116 21.178859582558797
119 13 1034 20.703525149826508
119 14 1068 20.26505372099811
119 15 852 19.944200229489905
120 1 769 53.12812667771402
120 2 887 38.676789821270305
120 3 890 33.03957768502476
120 4 1145 27.477537084819428
120 5 765 26.488587003049442
120 6 886 25.941637435132403
120 7 764 25.697446059975185
120 8 1116 25.174289726166972
120 9 740 25.17095777372112
120 10 1070 24.801462499283613
120 11 926 24.792458538896966
120 12 846 24.567685385149833
120 13 1117 24.51865584684793
120 14 891 24.507080750405535
120 15 1068 24.462147878473417
121 1 769 25.477735327567345
121 2 1146 24.022841704930443
121 3 888 23.682950375155375
121 4 887 23.448994844195422
121 5 890 20.792366734531022
121 6 1017 20.133542414519987
121 7 1056 17.85407376241463
121 8 1117 17.12454275227935
121 9 837 16.140478560070978
121 10 1177 16.124322503471973
121 11 1178 15.91564832417166
121 12 925 15.339352994767884
121 13 926 15.093040903360727
121 14 891 14.738289973649728
121 15 1173 14.726987438064452
122 1 898 24.979705703882196
122 2 1070 18.98624565481675
122 3 931 16.990598819316382
122 4 938 16.63987310942406
122 5 934 16.393265893478954
122 6 935 15.062496168592581
122 7 930 15.01079956702247
122 8 1171 14.962465550997706
122 9 1172 14.853670325725219
122 10 78 14.768716907458106
122 11 743 13.866617132374937
122 12 1117 13.585532648931716
122 13 957 13.412279624249871
122 14 1130 13.29661288929216
122 15 1071 13.076157346418901
123 1 941 20.07202199632306
123 2 1221 16.150798623530786
123 3 112 14.876609560843379
123 4 387 14.519216449820778
123 5 147 12.843489814731555
123 6 206 12.638111022506642
123 7 34 12.222978719608314
123 8 351 12.197182402075109
123 9 775 11.656576467713371
123 10 966 11.52333381792526
123 11 742 11.065368732668121
123 12 537 10.495084254663357
123 13 227 10.459689956453012
123 14 270 10.197289189914066
123 15 417 10.165978019933902
124 1 941 32.05504313646658
124 2 898 24.979705703882196
124 3 516 24.429162240677698
124 4 934 22.845544299527447
124 5 938 22.171142767139298
124 6 1070 21.87108578213804
124 7 442 21.565071892053293
124 8 78 20.229495984397666
124 9 1001 19.28459097673734
124 10 1171 19.253330422741524
124 11 808 19.086262127671112
124 12 1288 18.89211160580824
124 13 25 18.695050805798324
124 14 139 18.642432030566425
124 15 535 18.63497569317392
125 1 997 16.73332983774661
125 2 993 15.484837707780834
125 3 176 14.501935499602094
125 4 1350 13.32317095058497
125 5 1083 13.30559021305468
125 6 131 13.26319865191983
125 7 696 13.164204762447698
125 8 970 13.058945350497495
125 9 1075 12.366571170443073
125 10 1074 12.123330458114221
125 11 1292 11.968262515260214
125 12 1093 11.967574031462037
125 13 695 11.859304740120006
125 14 924 11.191364814958302
125 15 1379 11.134830748494576
126 1 1326 34.46126007538802
126 2 1288 30.869666186454346
126 3 974 26.738913371230275
126 4 773 20.50074288828511
126 5 1095 19.87040360040138
126 6 1083 16.380124782829117
126 7 1169 15.120618976239257
126 8 1265 15.004098322767561
126 9 397 13.25022651622751
126 10 237 12.26824645937833
126 11 1163 12.09327626693463
126 12 1237 11.768755344006207
126 13 711 11.493539503927108
126 14 387 11.470308663854109
126 15 1379 11.274462560683727
127 1 6 24.63039292590858
127 2 869 23.87804246292398
127 3 5 22.591104682249615
127 4 981 20.13693216402034
127 5 582 17.965104018708576
127 6 587 16.195429036626976
127 7 91 15.282148116435181
127 8 158 14.782420849943538
127 9 944 14.696720061060672
127 10 719 14.65976151172468
127 11 1375 14.295656226086141
127 12 1024 14.295639014415297
127 13 34 14.205287824532332
127 14 75 13.729269208445196
127 15 12 13.656959035315218
128 1 945 37.511337450289204
128 2 92 23.027901929215403
128 3 1063 22.294076042308635
128 4 745 22.122614898430278
128 5 1087 18.468920129517606
128 6 248 16.64354763111133
128 7 493 16.280150972377946
128 8 1246 16.058858380266322
128 9 987 15.777091275477051
128 10 1043 15.348029363200624
128 11 762 15.175593195491702
128 12 1219 14.117744778784054
128 13 988 14.060035229576572
128 14 704 14.009081740535045
128 15 111 13.927885984010636
129 1 945 34.57102527117003
129 2 988 27.14836111872646
129 3 989 22.596366845338764
129 4 987 19.981770101762415
129 5 985 18.550304180185634
129 6 86 16.153586637828177
129 7 314 14.680964964844723
129 8 36 14.499484602093897
129 9 1310 14.11937070580822
129 10 404 14.10685521889932
129 11 427 14.005576814643947
129 12 278 13.69172756211059
129 13 527 13.337337183951632
129 14 741 13.330006016809692
129 15 660 12.437952875366195
130 1 859 40.868479897125034
130 2 948 38.07672176973729
130 3 729 26.673516988160806
130 4 766 25.01388904907996
130 5 634 24.65395736595764
130 6 391 24.457579630034743
130 7 856 22.289054067353227
130 8 627 22.14582833195501
130 9 1008 22.14429918247491
130 10 858 22.01369606361292
130 11 894 22.013258209423128
130 12 5 20.595502904883755
130 13 658 19.789458020874765
130 14 390 19.41020578743395
130 15 1162 19.165493105069714
131 1 950 47.09272584834426
131 2 1021 37.801288045841275
131 3 1025 34.544225298929284
131 4 1012 32.051938860386684
131 5 1023 31.415076382499784
131 6 1022 29.63937382589662
131 7 952 28.177431676728702
131 8 1034 26.011953223474883
131 9 1018 26.00274526213208
131 10 1017 25.68738645041229
131 11 1019 25.661166423248204
131 12 1028 25.007931873209714
131 13 1024 24.468744720401475
131 14 1020 24.091837344105627
131 15 1015 23.20498517245904
132 1 1017 17.851577702832117
132 2 1021 16.992571630244896
132 3 950 15.96202708858579
132 4 1025 15.771792396991525
132 5 1013 14.76897334104699
132 6 1026 14.681126206097804
132 7 1023 14.270277172951339
132 8 1052 14.269504801841585
132 9 1020 14.116948098812106
132 10 1018 14.097791439976541
132 11 1015 13.856143653739274
132 12 951 13.574963319215291
132 13 1012 13.38926021926218
132 14 952 13.338507957693757
132 15 1014 13.283541320369697
133 1 951 15.542452822964457
133 2 950 15.226926213916977
133 3 1013 14.76897334104699
133 4 1026 14.681126206097804
133 5 1017 14.282494635611116
133 6 1023 14.270277172951339
133 7 1020 14.116948098812106
133 8 1018 14.097791439976541
133 9 1028 14.054280815545237
133 10 1015 13.856143653739274
133 11 1025 13.576454463130036
133 12 1012 13.38926021926218
133 13 1014 13.283541320369697
133 14 1029 13.195479673751699
133 15 1021 13.108785383632672
134 1 951 27.518276369013876
134 2 1028 24.041442859794515
134 3 866 23.4729696399883
134 4 1012 23.18301195936542
134 5 1015 20.378104657934784
134 6 1017 17.52450883288746
134 7 1035 17.090924473967153
134 8 1013 16.26599713034751
134 9 883 16.225655834239355
134 10 950 16.064144622739448
134 11 640 15.936526446840258
134 12 1023 15.655325083953882
134 13 195 15.327076976301557
134 14 1024 15.323706610727964
134 15 1020 15.284555504115293
135 1 1026 23.641948880317237
135 2 1017 23.60108440382439
135 3 951 23.363905394646793
135 4 950 22.882494678606044
135 5 1023 22.580488993928906
135 6 1020 22.26200750062591
135 7 1013 22.084779189298033
135 8 1029 22.030965096326476
135 9 1012 22.02950646551404
135 10 1015 21.852750170038817
135 11 1018 20.829566671037135
135 12 1019 20.48867297905818
135 13 1024 20.47888394464246
135 14 1016 20.357870462449032
135 15 1025 20.27475659373428
136 1 951 19.88801440968556
136 2 1021 19.253638644261468
136 3 1031 16.86321273960478
136 4 829 16.306033684813933
136 5 140 15.73803073224963
136 6 891 15.432272852208522
136 7 1034 14.916615693846582
136 8 239 14.848871143253858
136 9 1013 14.804212586131055
136 10 1033 14.698980544088919
136 11 1026 14.681126206097804
136 12 1017 14.317578736925256
136 13 1023 14.270277172951339
136 14 1020 14.162872094265179
136 15 1125 14.03882890189977
137 1 952 71.97286756684176
137 2 1034 41.79025971043919
137 3 1023 36.071555056918264
137 4 1026 33.721307838795255
137 5 837 33.21712700328
137 6 955 31.59129403869481
137 7 1024 29.612678097896662
137 8 1021 29.438905935138145
137 9 1052 29.37255060291658
137 10 836 27.941334917985944
137 11 1013 27.29021998664123
137 12 862 27.024073195321183
137 13 767 26.880849521413587
137 14 853 26.22756960207294
137 15 1025 25.681941967406367
138 1 953 31.562492941223006
138 2 847 30.77858459928305
138 3 764 28.690217324696786
138 4 897 26.9547382620862
138 5 846 26.223756652787547
138 6 844 25.8502841711815
138 7 848 24.26808131733789
138 8 841 23.514210501926048
138 9 1068 23.437014711476635
138 10 887 22.99342125759848
138 11 740 22.02382007242367
138 12 769 20.879037598095888
138 13 1172 20.705928799990335
138 14 1038 20.56597416943451
138 15 1123 20.413510722873813
139 1 847 31.52271514487858
139 2 897 30.326524850834566
139 3 764 28.690217324696786
139 4 844 28.684958000372376
139 5 826 28.102911455145367
139 6 846 27.294271132642475
139 7 1038 26.903350481654343
139 8 953 26.491840053918516
139 9 763 25.473779249493983
139 10 848 25.04303440813829
139 11 887 23.450107738812697
139 12 1034 22.515638540589975
139 13 760 22.148651446808024
139 14 955 22.097864120734656
139 15 1172 21.44313596785332
140 1 954 24.865754761651036
140 2 1038 19.966601435726275
140 3 890 19.265286103722392
140 4 1202 15.238612734280409
140 5 887 13.495401216379616
140 6 1039 12.56267072036248
140 7 769 11.593809724399918
140 8 720 11.100433032638886
140 9 729 10.975075560371796
140 10 726 10.810389891075634
140 11 922 10.469373383248787
140 12 497 10.177749122568972
140 13 837 10.11443589691289
140 14 31 9.921366360463605
140 15 329 9.721163368354487
141 1 852 20.313271996795393
141 2 889 19.40691846488318
141 3 1059 18.841351353588273
141 4 1043 18.66111935553016
141 5 843 18.577074048646807
141 6 851 17.263598913492704
141 7 1058 16.21521947868705
141 8 1038 16.20583513726811
141 9 830 15.69257831430129
141 10 930 15.61268232865532
141 11 837 15.39469705716662
141 12 957 15.288196440248994
141 13 1135 15.206604907687701
141 14 424 14.857187812621873
141 15 890 14.51327143249958
142 1 954 34.47901722445745
142 2 1136 19.2227415137381
142 3 887 18.865855124137468
142 4 1134 17.58801096903899
142 5 741 17.195596047759615
142 6 769 17.112960690941456
142 7 890 16.908221879403023
142 8 827 16.456157817550213
142 9 1125 15.759820402125039
142 10 1135 15.488072863279342
142 11 1175 15.079667325663006
142 12 1042 14.419901635631579
142 13 1201 14.310608113000805
142 14 1071 13.223616651415929
142 15 1039 13.16780920903042
143 1 1043 18.970828909746377
143 2 930 18.249321084194662
143 3 826 14.091629504559297
143 4 1171 13.558293372488437
143 5 1044 13.398266996938453
143 6 953 13.297178629973448
143 7 1137 12.983563850939005
143 8 1294 12.92723842004099
143 9 765 12.764282886824036
143 10 1174 12.749757539537828
143 11 889 12.586688084408411
143 12 1135 12.406414004474133
143 13 843 11.97309806460613
143 14 852 11.933792394025872
143 15 1068 11.901118630665856
144 1 955 30.1746128357163
144 2 1126 29.340330042170216
144 3 1363 28.90905366414984
144 4 730 26.39147701886177
144 5 763 23.77444585712495
144 6 840 22.981716976111294
144 7 839 22.213836447581116
144 8 1045 22.180476723770028
144 9 1340 21.292759695177992
144 10 740 19.818811922177918
144 11 838 19.671247710485204
144 12 1178 18.560201533809913
144 13 1034 17.64643269168382
144 14 1022 17.55197759839012
144 15 928 17.4567694007124
145 1 1051 33.23636756787084
145 2 1126 24.555785815943928
145 3 839 23.27776789995079
145 4 827 21.8094979902005
145 5 641 21.730732742660326
145 6 1118 20.511822922288705
145 7 838 20.409224914606824
145 8 928 19.928447626436743
145 9 763 19.92788080610829
145 10 1045 19.39814624901566
145 11 520 18.643044217940027
145 12 1310 17.145694047699997
145 13 454 16.586835701157796
145 14 1121 16.32250106992031
145 15 851 16.087864849075725
146 1 1045 23.70724797483517
146 2 955 23.66406673137642
146 3 840 17.23659793268716
146 4 641 16.702555517175384
146 5 1130 16.605409771597866
146 6 1175 16.514428786615802
146 7 1178 15.211739667911056
146 8 730 14.99805253025703
146 9 854 14.844500825356949
146 10 1363 14.233530321413458
146 11 839 13.019754628632164
146 12 763 12.671198005201047
146 13 740 12.597684597922516
146 14 928 12.573489598730655
146 15 932 12.545057073401297
147 1 956 52.24103865050504
147 2 1050 47.821233728174825
147 3 1049 30.077965916539114
147 4 1069 25.084520307419442
147 5 843 21.607927334548084
147 6 1171 20.280976135894992
147 7 1358 19.974988109412156
147 8 1128 19.278766495019596
147 9 889 19.236846605369795
147 10 1127 19.197493548001496
147 11 1126 18.94794462520751
147 12 1145 18.778067423235065
147 13 1392 18.754223344400902
147 14 1357 18.471425306627218
147 15 852 18.099867089707118
148 1 956 28.506701056298432
148 2 1048 26.64562520487909
148 3 1126 26.124886860227292
148 4 1050 24.793867866527084
148 5 1127 19.8384284821953
148 6 1051 19.069024804525366
148 7 928 18.950349371595532
148 8 826 17.861645560025114
148 9 827 17.456632328296568
148 10 761 17.04133661039523
148 11 822 16.969072656153276
148 12 763 16.88660264692641
148 13 838 16.414478967437816
148 14 1044 15.416704812036922
148 15 642 15.25427326943062
149 1 930 25.114118069679094
149 2 1070 20.91487204902502
149 3 926 20.083237944763134
149 4 1058 20.002514798443286
149 5 1068 19.55154701926978
149 6 1053 19.17034203622391
149 7 1051 17.004100889631943
149 8 1059 16.89699813539561
149 9 931 16.635513514415823
149 10 1363 15.743769584125364
149 11 936 15.487606638999013
149 12 957 14.69568911009177
149 13 136 13.896336734925939
149 14 852 13.750397133602666
149 15 937 13.693674044615022
150 1 1074 31.948721272070458
150 2 1062 29.684162748611826
150 3 1075 28.30869106793152
150 4 1202 20.302856656328366
150 5 799 19.543787786630627
150 6 923 18.682219144436548
150 7 970 17.852522265427297
150 8 1243 17.761781977353877
150 9 1108 17.60122848760549
150 10 924 17.567010755124528
150 11 252 17.347519403606174
150 12 230 17.23801313099764
150 13 124 16.81544526573345
150 14 696 16.77756612725179
150 15 991 16.24146997059115
151 1 1333 12.479073008253712
151 2 1246 11.77838214351299
151 3 839 11.430255550882649
151 4 287 11.361627450507756
151 5 678 11.282501842113849
151 6 465 11.190683586194906
151 7 1062 11.0476020564022
151 8 464 10.826012787214252
151 9 950 10.770304115024976
151 10 289 10.721494885267703
151 11 676 10.489828760689432
151 12 222 10.293113237404478
151 13 432 10.229122529939392
151 14 991 10.211949325917146
151 15 121 10.132774827889337
152 1 671 11.932569547762139
152 2 1362 10.891760800658686
152 3 1339 10.500173265311782
152 4 1225 10.484807132127097
152 5 696 9.942930972522575
152 6 547 9.825996195431356
152 7 683 9.716611549603844
152 8 798 9.629232976244252
152 9 336 9.594806147856218
152 10 1064 9.488971491700365
152 11 1188 9.446196036317058
152 12 652 9.151300463448854
152 13 406 9.040836108685603
152 14 23 8.82707700686726
152 15 899 8.813026872017232
153 1 1063 29.106081743294954
153 2 1082 21.87992671187018
153 3 1085 20.223765932440067
153 4 1081 19.020152009141235
153 5 393 17.546285095575776
153 6 394 17.44302901419796
153 7 117 16.68724904612309
153 8 323 16.46172655106365
153 9 149 15.498219770286955
153 10 329 14.654318686510212
153 11 1235 14.184942545522738
153 12 228 14.096628768648083
153 13 666 14.008406418216767
153 14 300 13.98450094645526
153 15 1078 13.649430186385835
154 1 1088 41.87603000811305
154 2 1054 24.739629808286526
154 3 1086 21.41053600532758
154 4 832 20.900037759784972
154 5 1087 20.727393577230384
154 6 111 20.015541406833833
154 7 1063 19.68601969972851
154 8 1055 18.741428881208474
154 9 1053 18.669371677798168
154 10 1108 18.637074971978503
154 11 15 17.15142531332898
154 12 833 16.93675188093862
154 13 785 16.422784199384136
154 14 730 16.18869427134858
154 15 827 16.147972139133927
155 1 1065 18.038318129309694
155 2 1101 17.826874679585863
155 3 553 14.654083398868234
155 4 806 14.111368081942686
155 5 805 12.606937849087386
155 6 1096 12.378137012604368
155 7 781 11.728568084869949
155 8 1099 11.428182866325331
155 9 968 11.3588560151661
155 10 804 11.133217937679131
155 11 1097 10.987575407006524
155 12 1100 10.807163568693683
155 13 76 10.651202836491557
155 14 82 10.282995479742725
155 15 1241 9.88284449697309
156 1 1096 22.860389864056657
156 2 1065 20.673304620201055
156 3 553 18.25299574572832
156 4 1097 18.10174771099513
156 5 1099 17.96770230368662
156 6 1100 16.743703057068956
156 7 1098 16.147990713166962
156 8 1302 14.461607686021416
156 9 534 13.711618919018266
156 10 1279 12.916127126277631
156 11 295 12.79811688528976
156 12 204 12.43188375653056
156 13 82 12.212030475372828
156 14 274 11.35419774906657
156 15 906 11.334928787718045
157 1 25 26.437703578393734
157 2 1006 24.72429866242363
157 3 160 24.506866434298097
157 4 947 23.606016325650007
157 5 994 21.988819782763535
157 6 493 21.34946446600128
157 7 332 21.270948918257332
157 8 456 21.206617561211935
157 9 1393 21.0588097199566
157 10 421 20.957642654216006
157 11 44 20.916381626858374
157 12 556 20.82814385975945
157 13 1391 20.349047164465308
157 14 626 20.147941938026978
157 15 318 19.836737724453343
158 1 302 15.787519771480829
158 2 552 13.570136088398108
158 3 691 12.68585300512217
158 4 949 12.457989293778011
158 5 328 12.27111735747709
158 6 1199 11.747660901581355
158 7 1011 11.466727016951056
158 8 1010 11.052100226481922
158 9 421 10.922551742084023
158 10 1269 10.918327439826657
158 11 982 10.88128849592251
158 12 82 10.824411115997648
158 13 1298 10.769018850683244
158 14 283 10.730753164422023
158 15 1335 10.684506325610162
159 1 1066 41.19924413246543
159 2 1197 23.324733269925286
159 3 1339 22.341276157847673
159 4 1259 21.624167670973733
159 5 846 20.94632589573827
159 6 42 20.8809039241144
159 7 801 20.340448726755586
159 8 1115 20.18054221436534
159 9 1112 19.368671534389065
159 10 969 17.25481413916009
159 11 1035 17.144761759423453
159 12 716 16.75570509630572
159 13 958 16.466997293076993
159 14 919 16.432960505881113
159 15 802 16.332037739731703
160 1 1071 49.73123060016714
160 2 1134 45.59608981429572
160 3 741 31.4726197426833
160 4 885 29.746932839913576
160 5 1172 29.272797891886547
160 6 887 28.720374016228295
160 7 890 28.09640527445619
160 8 769 27.839546438466062
160 9 763 26.533638304187853
160 10 1126 26.448255430305185
160 11 743 25.661582336225123
160 12 739 25.475820236691625
160 13 839 25.189667706859346
160 14 1039 25.111806639368744
160 15 740 24.345205865844996
161 1 1386 38.65902890919327
161 2 54 32.67326931319337
161 3 55 30.618114510818927
161 4 240 28.967449552837365
161 5 366 28.07575725618497
161 6 460 27.933524502319827
161 7 348 26.6697033095108
161 8 72 25.620582091114546
161 9 489 25.604841962251687
161 10 145 25.291201508605447
161 11 962 24.619630462663867
161 12 62 24.399131384221274
161 13 314 24.180763700784766
161 14 435 23.51193671233332
161 15 784 23.385141944251107
162 1 55 29.520536620768258
162 2 460 28.440070033560275
162 3 1386 27.055117493866824
162 4 366 26.458812927257753
162 5 240 26.453756647865617
162 6 54 26.32562876616927
162 7 1182 25.55686401591925
162 8 489 25.552975817609546
162 9 292 24.4421400020965
162 10 62 24.18844925130001
162 11 365 24.111640982139363
162 12 145 23.79265475244086
162 13 348 23.641066422395625
162 14 559 23.423983311692812
162 15 306 22.279844189961796
163 1 492 39.790895960966374
163 2 232 29.82289176831223
163 3 56 27.689086997420972
163 4 57 25.43080608627546
163 5 373 25.22256051673547
163 6 973 25.147498005113583
163 7 434 24.110628004929758
163 8 1231 23.128448801018106
163 9 688 22.633503363079363
163 10 37 21.552199624837748
163 11 124 20.665371461176743
163 12 27 18.95298905432791
163 13 567 18.04664041890882
163 14 1040 17.988255106785235
163 15 1307 17.490480192856058
164 1 311 20.906423425927272
164 2 415 19.276506069155797
164 3 503 19.084018041613646
164 4 265 17.528406196015407
164 5 316 16.20621254662491
164 6 1187 15.393516235522538
164 7 569 14.66446600546467
164 8 416 14.127271913724094
164 9 798 13.647338051968081
164 10 1257 13.317620512907581
164 11 358 13.169560784609041
164 12 504 13.102445194877173
164 13 439 12.791326349360435
164 14 71 12.688489702695067
164 15 1216 12.603619908313053
165 1 504 25.3802385657305
165 2 71 19.810522414547094
165 3 72 17.3566987218343
165 4 209 16.7449218213957
165 5 569 15.375397265028678
165 6 417 15.342039021549423
165 7 1276 14.993926156522207
165 8 491 14.78784790913544
165 9 1375 14.619377162571027
165 10 663 14.461591564380328
165 11 890 13.070367891852051
165 12 410 13.034692571313297
165 13 64 12.92982750129476
165 14 978 12.827152213107844
165 15 1268 12.630037727542899
166 1 504 26.083106161601556
166 2 209 16.783507774339526
166 3 663 16.766800082852747
166 4 71 15.547514551851101
166 5 1276 14.993926156522207
166 6 72 14.55582213882265
166 7 569 13.870154608202697
166 8 1302 13.851029341968523
166 9 207 13.14159317522346
166 10 334 13.03984638614098
166 11 142 12.659178432672
166 12 1349 12.524857132953095
166 13 55 12.222417487584092
166 14 265 12.205643657723328
166 15 1171 11.966424552863046
167 1 274 31.733764862363746
167 2 1279 31.436798973095826
167 3 553 30.3207499136827
167 4 82 26.996112590379813
167 5 1098 21.23503151118954
167 6 1065 20.88825715994166
167 7 1101 20.013265446945
167 8 1100 19.962869149551658
167 9 1096 19.808772497503504
167 10 1226 18.704361363216055
167 11 1097 18.10174771099513
167 12 1099 17.96770230368662
167 13 1043 17.66323955590977
167 14 981 16.625012835106574
167 15 1241 16.216992092994545
168 1 750 29.85960288429234
168 2 341 23.95737487507084
168 3 118 22.41945636147484
168 4 157 19.80796916638905
168 5 965 18.43594295240177
168 6 696 16.207411673287787
168 7 1224 15.49220600460384
168 8 1043 14.542922160959595
168 9 217 14.288795081484427
168 10 127 14.189776831326734
168 11 724 14.027500997947783
168 12 648 12.668508277472268
168 13 1280 12.608888510002648
168 14 410 12.582613390681034
168 15 404 12.161456275376498
169 1 750 36.64996182623306
169 2 118 27.06639506668302
169 3 341 26.945104509764732
169 4 157 24.117993847562232
169 5 472 21.67368746058134
169 6 965 20.597235702729257
169 7 217 20.307515429586143
169 8 127 18.542191683945507
169 9 1280 15.166339613525244
169 10 529 15.140475389924339
169 11 1224 14.863430285020534
169 12 131 14.704294273716357
169 13 166 14.548950134429813
169 14 1197 14.291078866672118
169 15 724 14.027500997947783
170 1 238 38.771514179555126
170 2 239 34.58628696023973
170 3 893 34.08944023536057
170 4 904 33.74522913441787
170 5 1082 32.42120307624921
170 6 139 29.23482364894855
170 7 140 24.09532629952759
170 8 905 23.773660659594128
170 9 213 20.788051924917585
170 10 223 20.692418122406217
170 11 1205 20.48957383189009
170 12 165 19.413301035045006
170 13 175 19.186360678833942
170 14 272 18.007973773521826
170 15 48 17.08954341750802
171 1 516 49.66601899665704
171 2 431 39.28554707473739
171 3 252 34.67741386563866
171 4 141 31.372104042913932
171 5 800 30.736044232609824
171 6 714 29.90207901622497
171 7 799 27.426214023344265
171 8 904 27.042301515240688
171 9 1074 25.62205508745434
171 10 188 23.895584679436563
171 11 1153 23.745275359067058
171 12 812 23.66799485885794
171 13 672 23.65187130372207
171 14 602 23.256182745939835
171 15 795 23.079294365388165
172 1 527 26.820715099082364
172 2 320 26.07297318253892
172 3 322 23.6723475167706
172 4 321 23.472185210453453
172 5 476 22.781304192317716
172 6 478 18.721173217815632
172 7 1235 16.311470307200803
172 8 107 15.61099008054056
172 9 1370 15.130723392188838
172 10 150 12.777344106349389
172 11 1251 12.586899521805726
172 12 452 11.821741675979272
172 13 266 11.80191197624113
172 14 422 10.882909649363114
172 15 540 10.821168036326199
173 1 367 29.72913857367561
173 2 451 24.752337010535687
173 3 532 23.247799172861704
173 4 917 16.43310648343492
173 5 251 15.766087320099018
173 6 767 15.555659030791135
173 7 1320 14.73938109407446
173 8 1067 14.69097143490811
173 9 934 13.761689109612922
173 10 916 13.460300050052288
173 11 777 13.330054349614377
173 12 759 13.068388998006771
173 13 1047 13.010041599905655
173 14 813 12.56116719667224
173 15 956 12.31211667191878
174 1 523 20.25647217969948
174 2 501 20.21986392494273
174 3 35 19.674098925686284
174 4 483 19.651129394318126
174 5 1157 19.592260335732494
174 6 1390 18.718079075648152
174 7 411 17.937114494490984
174 8 1319 17.663593118373576
174 9 1151 17.527047274340354
174 10 1274 16.96262686506247
174 11 533 15.706985017368709
174 12 1264 14.203656384105926
174 13 369 13.443466552079396
174 14 1389 12.912315931644846
174 15 1204 12.64255516979647
175 1 941 14.577316024290774
175 2 1221 14.473635411570381
175 3 139 13.309169167305306
175 4 491 12.332912766727683
175 5 34 12.222978719608314
175 6 1082 11.265127766215695
175 7 1080 10.436587514352793
175 8 1222 10.383467381217658
175 9 417 10.2466260026701
175 10 270 10.197289189914066
175 11 351 10.088838571632776
175 12 338 9.756795667936682
175 13 238 9.59709249784035
175 14 112 9.441475960829598
175 15 413 9.069131373788966
176 1 542 25.673098089305746
176 2 963 22.88307677948783
176 3 869 15.923562028493539
176 4 497 15.258919255968117
176 5 1221 15.214173039168365
176 6 872 14.562952385865817
176 7 5 14.2943746700667
176 8 606 14.232533760301143
176 9 30 13.622427570595365
176 10 1100 13.259495095129761
176 11 587 13.152512913303951
176 12 586 12.950878479148814
176 13 1073 12.782372775673052
176 14 1375 12.692764489606763
176 15 981 12.52937275800424
177 1 589 34.06344161536388
177 2 588 33.7113588730805
177 3 576 28.059731234829677
177 4 578 25.53041976792582
177 5 543 24.363478617219315
177 6 590 23.676084388515605
177 7 138 23.58807789204647
177 8 216 22.27750769365038
177 9 592 20.83918938850812
177 10 426 19.79214087751317
177 11 237 19.734636368808026
177 12 772 19.37316758822334
177 13 214 18.435394804839873
177 14 1111 14.22700911180218
177 15 1034 11.951449806444682
178 1 591 27.880394747387868
178 2 31 14.920938963270384
178 3 216 14.609384462615814
178 4 543 14.538737739604608
178 5 772 14.37500161477568
178 6 511 14.1623806583248
178 7 590 14.152608213655983
178 8 426 13.933445798499777
178 9 138 13.914022014376174
178 10 592 13.886457268117294
178 11 237 13.774553158202753
178 12 589 13.585090351187482
178 13 214 13.503035228319673
178 14 588 13.132993645110584
178 15 984 12.935730027755667
179 1 633 44.617013694707566
179 2 682 38.96788289348364
179 3 918 31.32067298106977
179 4 680 30.65219884365728
179 5 428 29.516320680965798
179 6 224 26.392784849288343
179 7 147 25.02345775529367
179 8 753 24.28676700518327
179 9 1080 24.03378120073844
179 10 247 22.593160579334217
179 11 930 21.87622761506621
179 12 1343 21.823725616969483
179 13 200 20.12391780786489
179 14 1047 18.424422358911922
179 15 683 18.28787078324254
180 1 548 30.205102698250222
180 2 622 23.204113027965835
180 3 616 22.882491365273175
180 4 617 22.30104691681345
180 5 1324 16.785880626292006
180 6 1391 14.288438911925747
180 7 719 14.226581974304056
180 8 882 13.19510818445789
180 9 1103 12.99444154210024
180 10 218 12.251965088326635
180 11 620 12.026819814880623
180 12 1150 11.987384128200688
180 13 969 11.987384128200688
180 14 1166 11.739083864419966
180 15 401 11.540153121599719
181 1 997 17.67955010471569
181 2 993 15.484837707780834
181 3 131 13.75145074013314
181 4 1350 13.32317095058497
181 5 1075 13.183887326934322
181 6 696 13.164204762447698
181 7 970 13.058945350497495
181 8 1074 13.010821800109131
181 9 1243 12.77589441376298
181 10 176 12.635987034937823
181 11 409 12.580564479590501
181 12 243 12.100551350634237
181 13 1292 11.968262515260214
181 14 1093 11.967574031462037
181 15 695 11.859304740120006
182 1 634 68.79533407841947
182 2 685 58.08485680987464
182 3 686 42.83624714391994
182 4 593 29.554815578626165
182 5 211 24.801349991794236
182 6 1300 24.102048536165363
182 7 712 22.68350362785746
182 8 1290 21.648643970580483
182 9 597 20.968361289019445
182 10 1218 20.514919374251406
182 11 856 20.12816048094005
182 12 1338 19.16897737790846
182 13 193 18.82701424689263
182 14 757 18.408398200563838
182 15 1229 18.371099941404882
183 1 809 19.940546342972027
183 2 758 17.741118868184884
183 3 804 17.697606955023197
183 4 811 17.160587402441443
183 5 806 16.718311120838386
183 6 1226 16.267712270986028
183 7 808 16.126449181769253
183 8 1243 15.552217033506146
183 9 883 13.97634692858789
183 10 88 13.878256212663711
183 11 39 13.575601448158112
183 12 805 13.11493051557182
183 13 253 12.8644625617109
183 14 1177 12.834299498853284
183 15 807 12.690302658819832
184 1 715 19.340100087855035
184 2 82 18.014708401762327
184 3 716 17.865667126271674
184 4 207 17.707473132070852
184 5 515 17.048819674821434
184 6 509 16.318229656691063
184 7 554 16.14908206409642
184 8 1217 14.44405186886705
184 9 1219 13.915190309827434
184 10 164 12.880048987492177
184 11 353 12.793912599603866
184 12 978 12.72436498555204
184 13 162 12.423000497437625
184 14 717 12.346177465839226
184 15 703 12.272530075106872
185 1 856 22.72639971632093
185 2 857 20.651976215691512
185 3 766 18.81431406858983
185 4 858 18.62653546475892
185 5 1008 18.605243498784507
185 6 390 17.98282242923544
185 7 658 17.046407498236793
185 8 859 16.583895696227543
185 9 948 16.470580195731333
185 10 391 16.264713746544682
185 11 864 16.1118430395059
185 12 627 15.441184006295556
185 13 285 15.212978936399697
185 14 894 13.713584058991124
185 15 15 13.164387280450708
186 1 1243 18.818116538300547
186 2 230 17.680793195507835
186 3 229 17.206076077225767
186 4 1074 16.795812145226765
186 5 1239 16.229104328516616
186 6 1062 15.948220087602497
186 7 1075 15.907874819269049
186 8 252 15.385003785489891
186 9 924 15.007851037588631
186 10 923 14.946879677320277
186 11 557 14.14807619326799
186 12 60 13.604804875419678
186 13 803 13.543007650368457
186 14 431 13.248642601801233
186 15 520 13.1865920095516
187 1 763 35.92390861687695
187 2 839 30.224829586907067
187 3 1126 28.79779438352687
187 4 1068 27.920075638597492
187 5 743 26.45445882044374
187 6 841 26.28034043987164
187 7 847 25.69288233517698
187 8 887 25.633172450529393
187 9 1172 25.489567826748406
187 10 936 24.885728829981968
187 11 955 24.66157462227035
187 12 897 23.67150315945213
187 13 1051 23.487375971055602
187 14 764 22.97765140131002
187 15 846 22.286065482437802
188 1 725 39.636408596714816
188 2 640 30.58049384440844
188 3 720 28.94730246136085
188 4 722 28.78103547282344
188 5 908 25.98715794109677
188 6 909 22.591537499620067
188 7 911 22.530671993689786
188 8 729 20.57578621743691
188 9 102 19.146454514810518
188 10 220 18.68884904171254
188 11 29 18.204284643496713
188 12 764 18.086627331798535
188 13 1279 16.603900587504135
188 14 209 16.288796474661403
188 15 78 15.407207787939267
189 1 767 34.60993971400534
189 2 640 22.127937003717925
189 3 883 17.983578925709566
189 4 870 17.050714904166515
189 5 907 16.28556291366416
189 6 865 16.031802411331014
189 7 881 15.850765949739642
189 8 1334 15.69012712483499
189 9 732 15.384466895889249
189 10 909 15.033611484490326
189 11 925 14.99841333784708
189 12 726 14.94721512474209
189 13 833 14.612686739431444
189 14 727 14.503140171860533
189 15 1057 14.389594929308032
190 1 390 33.90414213571315
190 2 627 24.269057245254192
190 3 15 23.453212839719342
190 4 856 22.862253522009688
190 5 1008 22.326075264212783
190 6 391 22.042410111712726
190 7 948 21.786676523071197
190 8 1339 20.83780878286028
190 9 766 20.81280174802851
190 10 14 20.374112573221275
190 11 122 20.248296640169517
190 12 52 18.754938176151843
190 13 820 18.461831947916608
190 14 769 18.30172229625038
190 15 685 17.320742836598846
191 1 766 25.23148970389352
191 2 827 23.45395915429878
191 3 627 22.516560529553622
191 4 894 20.75463088097488
191 5 541 19.75257440561417
191 6 15 19.627492908616915
191 7 658 19.573973124290056
191 8 1242 18.857329578952474
191 9 899 18.69313248584457
191 10 1392 17.972232758527092
191 11 75 17.514040629018012
191 12 914 17.490152853832374
191 13 856 17.053008211667034
191 14 1008 16.637753995035343
191 15 857 16.58530765362387
192 1 641 23.494907576477303
192 2 733 22.339079332821875
192 3 734 21.95060714776903
192 4 735 17.32413555396701
192 5 925 15.339352994767884
192 6 647 12.586472525941826
192 7 1175 12.10006590037567
192 8 730 12.08723908851154
192 9 875 11.490883397749144
192 10 850 10.911338216085884
192 11 1084 10.591312007586495
192 12 1170 10.2171764231245
192 13 1399 9.961529808294953
192 14 1178 9.90202160766024
192 15 888 9.862522239038197
193 1 730 21.7753782542556
193 2 733 21.287826804957295
193 3 734 19.267398075742513
193 4 422 18.612209568534755
193 5 641 16.7292249706093
193 6 736 16.37400634907822
193 7 648 15.963857328432724
193 8 735 14.761412461922328
193 9 424 13.90069945157467
193 10 1392 13.793432051442917
193 11 400 13.482111303999512
193 12 1053 13.355729250481485
193 13 145 13.05744708094067
193 14 425 12.7878459705418
193 15 647 12.484163481316198
194 1 642 38.79979472353744
194 2 932 32.957222452668
194 3 1172 28.30019734492868
194 4 744 28.28407539812456
194 5 1126 27.48322770765597
194 6 1173 26.899186983277186
194 7 957 26.037859061320628
194 8 1178 24.96231264889838
194 9 769 24.925030015892595
194 10 742 24.310507480309557
194 11 1293 24.08119101625017
194 12 822 24.00082549898636
194 13 1116 23.998295042966774
194 14 888 23.702590629814182
194 15 1122 23.490358776411135
195 1 642 44.94060310290481
195 2 744 34.43073251460541
195 3 932 32.957222452668
195 4 1055 31.024578517661137
195 5 739 29.502586880010902
195 6 1173 29.26374083779564
195 7 1172 28.30019734492868
195 8 769 27.50781632620317
195 9 1126 27.483227707655974
195 10 740 26.53531007989077
195 11 831 25.64069498302662
195 12 928 25.392731608390804
195 13 1122 25.07955163869881
195 14 1178 24.96231264889838
195 15 1145 24.940881620081093
196 1 184 16.37117873973459
196 2 486 15.999387809055538
196 3 746 15.429081961866698
196 4 1237 13.804424723359135
196 5 12 12.70620479520441
196 6 14 12.361830907834173
196 7 1361 12.315005334524168
196 8 284 11.65553745315108
196 9 875 11.55159675376268
196 10 51 11.222667929212765
196 11 1323 10.976236997677546
196 12 390 10.853745561375826
196 13 1281 10.362489804048293
196 14 102 10.245657431671777
196 15 1263 10.060311704116653
197 1 884 29.845158083150096
197 2 723 24.72639091272422
197 3 881 21.891624008700447
197 4 726 18.956124249220856
197 5 865 18.16789404239478
197 6 640 18.055243413220936
197 7 768 17.651461450360888
197 8 746 17.449943368120827
197 9 724 16.22228498748392
197 10 909 15.001891560800178
197 11 720 14.154126349252232
197 12 882 13.641796812520145
197 13 1168 12.273072826443691
197 14 261 11.64902688251819
197 15 883 11.260430882626952
198 1 889 24.65032114210696
198 2 1068 22.088982055455272
198 3 743 21.528287690366927
198 4 740 21.337510101853894
198 5 887 21.003408643345608
198 6 1126 20.633239371614117
198 7 886 20.394104990610735
198 8 1174 20.124138192788337
198 9 843 19.90534325746722
198 10 739 19.65432261575689
198 11 890 19.50383794095393
198 12 1051 18.943677067375283
198 13 897 18.318119305839065
198 14 1117 18.11272060478393
198 15 1172 17.475088122946865
199 1 930 22.157484925424228
199 2 739 22.12230379526088
199 3 931 20.603581688986466
199 4 744 20.349562912751338
199 5 1070 19.982572330114294
199 6 1362 17.895742829697333
199 7 1058 17.58479916747438
199 8 833 16.599402318783838
199 9 1294 16.5662119333346
199 10 769 16.278567889472576
199 11 1055 15.956244041796817
199 12 269 15.325453080040184
199 13 1131 15.292321551216148
199 14 852 15.175443736088724
199 15 827 15.165454680277723
200 1 1071 36.76282717728918
200 2 1053 28.463839999906554
200 3 1134 28.06993307707911
200 4 760 20.125720827375908
200 5 1068 19.975199214832678
200 6 885 18.880899999421008
200 7 929 18.828787042289242
200 8 889 18.47014202350977
200 9 897 17.953073370064715
200 10 887 16.633152328143613
200 11 940 16.571438952784852
200 12 843 16.512910376470845
200 13 890 16.272237699501098
200 14 934 16.228879054894456
200 15 1137 15.939729341192113
201 1 625 37.65109377477863
201 2 1297 24.568270620275023
201 3 1296 23.77689883039855
201 4 401 23.404431997774722
201 5 1279 20.75689457524392
201 6 1217 20.594408030547463
201 7 1219 19.8403543316675
201 8 716 19.743256058237332
201 9 318 19.319103945864967
201 10 509 19.02441167460077
201 11 1379 18.456696766021615
201 12 1391 18.287864781792468
201 13 576 18.048460458210375
201 14 82 17.9723434860071
201 15 983 17.862207897962453
202 1 1285 27.67147104773711
202 2 1310 23.95240444097774
202 3 232 19.025498885464714
202 4 186 18.84745036384276
202 5 1309 18.38291394819692
202 6 122 17.328668685054748
202 7 294 17.29281978350265
202 8 1231 16.990387389284656
202 9 497 16.520959294381903
202 10 101 16.01863069035981
202 11 467 15.88500545513197
202 12 1356 15.485893257250439
202 13 1311 15.467684668908388
202 14 36 15.45187476545868
202 15 252 15.248244278315159
203 1 1285 15.416048784650384
203 2 58 14.758962493438872
203 3 1308 13.54809179188597
203 4 211 13.4879728703619
203 5 1310 13.150909875297929
203 6 1231 12.325386948263684
203 7 38 12.304290663264041
203 8 294 11.543409479842522
203 9 370 11.271438262416812
203 10 1074 11.235024221834957
203 11 546 11.12916310575475
203 12 225 10.781672282658974
203 13 122 10.683890151795023
203 14 1262 10.615061715142513
203 15 433 10.509982004856262
204 1 147 15.954187022561111
204 2 1080 11.35473935671317
204 3 937 10.854641916600139
204 4 208 10.845241395387799
204 5 443 9.907096071345412
204 6 133 9.660484967806434
204 7 1375 9.524646749116227
204 8 573 9.134457441460949
204 9 1271 8.795271701410876
204 10 1310 8.698781653406726
204 11 667 8.421432247817044
204 12 1229 8.33673756922841
204 13 496 8.124970766117489
204 14 310 8.025442612014679
204 15 1339 7.846133958218871
205 1 1321 23.274168757444915
205 2 1287 20.135129224809983
205 3 78 18.28792720820356
205 4 1322 15.953870971063855
205 5 1381 15.077179326917324
205 6 55 14.806438406753845
205 7 80 14.254803933636278
205 8 73 14.106463442601985
205 9 337 13.781486817107353
205 10 1320 13.32414268641708
205 11 933 13.211423470246071
205 12 207 13.139038981980196
205 13 187 12.495552331761926
205 14 1035 12.36360135294182
205 15 9 12.148142348081693
206 1 1290 49.6188908052154
206 2 1338 24.038992224957056
206 3 879 23.838896404300442
206 4 516 23.30563062255817
206 5 252 21.97026008957725
206 6 1336 21.9216968367818
206 7 1341 20.633562706871665
206 8 948 20.595476825337933
206 9 790 18.932585851051318
206 10 598 18.548509603724856
206 11 638 18.48734760282628
206 12 859 18.484355228364432
206 13 876 18.031094016344987
206 14 312 17.274835587853126
206 15 567 17.22059812851277
207 1 1290 19.123372032676492
207 2 1338 18.706148136099337
207 3 747 17.939489880460805
207 4 365 17.557179541261213
207 5 859 17.4617670731566
207 6 442 16.887935299229202
207 7 362 16.80489997474498
207 8 189 16.224620017617106
207 9 593 15.471152216794248
207 10 1341 15.210791017007956
207 11 749 14.801854110835423
207 12 14 14.450900533300226
207 13 380 14.037011377022909
207 14 686 13.54904060226412
207 15 766 13.121304100154198
208 1 1291 72.74579189059119
208 2 1344 48.20958057973714
208 3 163 42.77438586349498
208 4 1345 30.117333398572345
208 5 716 28.587724025220904
208 6 1347 28.528734675470385
208 7 1352 27.164124385649302
208 8 1346 27.151061062305878
208 9 164 25.6931708796615
208 10 275 25.639867440136033
208 11 1217 24.806409603100413
208 12 566 23.305879916754687
208 13 1219 23.055993637070827
208 14 624 22.091763299144617
208 15 77 21.653368285887588
209 1 798 19.676226695595176
209 2 240 17.56211637624534
209 3 1364 17.5567202252439
209 4 187 17.279659815050803
209 5 959 16.951774835749017
209 6 996 16.498016291870453
209 7 455 16.1834992117685
209 8 651 15.706436445984783
209 9 416 15.655880086686016
209 10 461 14.974390094425072
209 11 55 14.549125340389507
209 12 1278 14.45067961020897
209 13 1383 14.221075512487772
209 14 623 14.202659618514737
209 15 16 14.12429695516984
210 1 1172 58.929405317578976
210 2 1145 55.719234064789504
210 3 1171 44.430375031475506
210 4 1126 35.086714720857316
210 5 743 31.350669592097024
210 6 956 30.945793523867547
210 7 1068 30.632235654400603
210 8 739 30.561814040998023
210 9 1132 30.04758198969387
210 10 1125 29.5280371082548
210 11 760 29.282213329630096
210 12 938 28.4003901422825
210 13 1133 28.311500164024814
210 14 957 27.936565206840655
210 15 887 27.42848013404741
211 1 739 28.33643501885576
211 2 1117 24.931997284454184
211 3 852 22.66443227514714
211 4 1051 21.5431931583166
211 5 1145 21.491176319038743
211 6 897 21.02786342892401
211 7 887 20.995942004712333
211 8 885 20.829035961119413
211 9 744 20.545175134311453
211 10 743 20.529251847168965
211 11 769 20.509135238289566
211 12 1172 20.435000706953886
211 13 740 19.718007510207386
211 14 890 19.389749070882388
211 15 935 18.61483150604692
212 1 1178 42.84892235993723
212 2 1177 41.41908922392834
212 3 888 40.53728064813719
212 4 1293 30.771239994284876
212 5 838 30.56810179742677
212 6 1176 28.15347269134605
212 7 1132 27.7927826825346
212 8 886 26.80215067611423
212 9 1070 25.338156174426274
212 10 885 24.0143245443692
212 11 1116 23.865115557763744
212 12 887 23.212527064897998
212 13 1359 21.860997780218028
212 14 858 21.654327974595503
212 15 642 21.639978253500956
213 1 769 30.774772177480557
213 2 885 29.018300998078463
213 3 888 26.567958187466438
213 4 1146 26.373663451485744
213 5 1173 26.371291393441716
213 6 741 25.20608772850912
213 7 1116 24.444213412237985
213 8 1145 22.25925851474808
213 9 765 22.104919315366377
213 10 887 22.06947525455443
213 11 642 20.06030078805462
213 12 1178 19.82095514122356
213 13 1038 19.553958862090397
213 14 1122 19.498881451254757
213 15 1117 18.960768516947685
214 1 1294 40.08570291137037
214 2 1362 24.638618428610343
214 3 828 24.065291887832945
214 4 831 20.313665377714106
214 5 739 18.999821833428165
214 6 1036 18.556916627254253
214 7 1154 18.2664478880199
214 8 930 17.486127876452237
214 9 1126 16.93695773371634
214 10 15 16.784543309891294
214 11 1044 16.35190761784812
214 12 47 16.321726811022387
214 13 744 15.956868418121937
214 14 1042 15.859476048586231
214 15 777 15.535549429552244
215 1 535 32.968784378054714
215 2 1205 24.192654077366996
215 3 1253 23.509628194179435
215 4 1234 22.893585684365057
215 5 25 20.71394507051599
215 6 332 19.858060344819606
215 7 1204 18.599805462512002
215 8 295 18.271314598841006
215 9 294 17.661736381504703
215 10 456 17.036499153112608
215 11 1198 16.50606677761999
215 12 625 16.49294327382749
215 13 68 16.260251656528954
215 14 35 16.190602160408865
215 15 541 16.035095875730555
216 1 958 18.038997531157083
216 2 693 15.65706919739311
216 3 692 15.336856783165448
216 4 1225 15.324300873747326
216 5 175 14.69482760743941
216 6 1206 14.622404704898415
216 7 1220 14.48295281264442
216 8 1156 14.287631388119634
216 9 330 14.2502926597039
216 10 39 14.197042630036071
216 11 1269 14.169589732984548
216 12 968 13.825890579120465
216 13 905 13.635207057906323
216 14 974 13.486934915272105
216 15 407 13.271088859847088
217 1 1213 19.837081881734974
217 2 1395 18.96095483058456
217 3 1002 18.662471734504898
217 4 44 17.861517467013705
217 5 1161 17.54253240286098
217 6 323 16.95022880411441
217 7 572 16.83616919278597
217 8 983 16.70436323294267
217 9 1394 16.60624836617415
217 10 655 16.319202176012258
217 11 666 16.144391852279693
217 12 283 16.11305349385158
217 13 1263 15.975817302450837
217 14 1107 15.818995091044872
217 15 1393 15.812178958586891
218 1 559 14.601285163789765
218 2 1281 14.45681595739638
218 3 1393 14.379122789878128
218 4 154 14.229485888754326
218 5 323 14.121887802287395
218 6 283 14.018395684912566
218 7 44 13.908422314889947
218 8 1395 13.82735570035975
218 9 1002 13.744545589709901
218 10 655 13.60309435508216
218 11 1213 13.560434688858695
218 12 1394 13.521900660523976
218 13 101 13.401227511789159
218 14 983 13.190569205973373
218 15 666 13.03104899887818
219 1 1221 12.136921694682473
219 2 208 11.536948497448545
219 3 1222 11.52061448886599
219 4 992 9.813896350575018
219 5 993 9.654947681685341
219 6 299 9.629305521213848
219 7 808 9.333407915931971
219 8 530 9.167468086733567
219 9 1309 9.011925798801993
219 10 371 8.785962796132262
219 11 7 8.58929260503271
219 12 25 8.485854370974952
219 13 73 8.466153694650211
219 14 447 8.396866908632298
219 15 319 8.355393348483918
220 1 292 22.894969393549474
220 2 1375 20.657384370256317
220 3 16 20.182083147172698
220 4 325 20.126262163067736
220 5 111 19.08695435548865
220 6 321 18.961956826754196
220 7 395 18.747190265531312
220 8 458 18.729484578545044
220 9 1192 18.410321643116227
220 10 738 18.327575147929572
220 11 242 17.47588064305232
220 12 375 17.471474953713393
220 13 1355 17.2454879382593
220 14 527 17.180671640871232
220 15 248 16.930926704419083
221 1 1366 19.417120131286723
221 2 292 18.75181008211707
221 3 1182 16.44440823853121
221 4 754 16.43303875153046
221 5 458 15.998689254008104
221 6 435 15.925117253497866
221 7 1375 15.724702839923062
221 8 579 15.52961164510035
221 9 1225 15.502576944954491
221 10 1056 15.315692315372997
221 11 49 14.718535913317716
221 12 1371 14.517127916715289
221 13 738 14.278020302901169
221 14 559 14.009953994855417
221 15 1386 13.903402805217805
222 1 1400 26.03209789536125
222 2 419 23.662198848563637
222 3 1399 22.545680489131495
222 4 1398 22.004503262143576
222 5 1396 20.684693131218673
222 6 1130 20.38336298366353
222 7 1387 18.72029210501686
222 8 1397 17.076858866121665
222 9 1358 16.98583970626654
222 10 1357 16.65262451601749
222 11 400 15.256745122092806
222 12 412 14.460445992652332
222 13 1116 13.997589303822638
222 14 1178 13.824054862272085
222 15 838 13.77709457714546
223 1 1399 23.410492548777594
223 2 400 22.40842035882202
223 3 1398 19.870566370121587
223 4 1008 19.272713118452103
223 5 419 17.3021876594071
223 6 1387 16.891945541389283
223 7 1396 16.00566394868572
223 8 839 15.785021265434661
223 9 863 15.369481938091482
223 10 864 15.263984127790897
223 11 1400 15.216367471764414
223 12 1358 14.801821902132572
223 13 412 14.460445992652332
223 14 1357 14.434082995019487
223 15 1051 13.821593132869124
224 1 1312 37.30962741247397
224 2 317 28.600149502200345
224 3 1286 25.938628707420666
224 4 401 24.266814799717167
224 5 259 23.936199265186396
224 6 1296 21.69777138484787
224 7 656 21.355035301318104
224 8 140 21.275707452964692
224 9 575 19.89193632709603
224 10 1314 18.26953690269104
224 11 1316 17.78785418109062
224 12 405 16.917819023642483
224 13 576 16.822032878168606
224 14 110 16.705072358149966
224 15 1157 16.696373769307698
225 1 1380 25.446081265439656
225 2 1188 23.056270042084133
225 3 638 19.44423340623929
225 4 416 19.090896036236032
225 5 1124 18.69219957147287
225 6 674 17.57072983965163
225 7 1345 17.168548743006895
225 8 683 16.837220407556586
225 9 225 15.39764972839172
225 10 650 14.73861207998852
225 11 141 14.498907555422104
225 12 1291 14.44324039189729
225 13 794 14.289615864551212
225 14 226 14.248043995483808
225 15 200 14.23186165642473
